0 1 1 0 0 0 0 0
64 0 1 0 0 0 0 0
100000 0 1 0 1 0 0 0
100002 0 1 0 0 0 0 0
600000 0 1 0 0 1 3 293601
600002 0 1 0 0 0 3 293601
800000 0 1 0 0 1 0 2097152
800002 0 1 0 0 0 0 2097152
6000000 0 0 0 0 0 0 2097152
6003200 0 0 0 0 0 0 2097152
6006400 0 0 0 0 0 0 2097152
6009600 0 0 0 0 0 0 2097152
6012800 0 0 0 0 0 0 2097152
6016000 0 1 0 0 0 0 2097152
6019200 0 0 0 0 0 0 2097152
6022400 0 0 0 0 0 0 2097152
6025600 0 1 0 0 0 0 2097152
6028800 0 1 0 0 0 0 2097152
6032000 0 1 0 0 0 0 2097152
6035200 0 0 0 0 0 0 2097152
6038400 0 0 0 0 0 0 2097152
6041600 0 0 0 0 0 0 2097152
6044800 0 0 0 0 0 0 2097152
6048000 0 1 0 0 0 0 2097152
6051200 0 0 0 0 0 0 2097152
6054400 0 1 0 0 0 0 2097152
6057600 0 0 0 0 0 0 2097152
6060800 0 0 0 0 0 0 2097152
6064000 0 1 0 0 0 0 2097152
6067200 0 1 0 0 0 0 2097152
6070400 0 0 0 0 0 0 2097152
6073600 0 0 0 0 0 0 2097152
6076800 0 0 0 0 0 0 2097152
6080000 0 1 0 0 0 0 2097152
6083200 0 1 0 0 0 0 2097152
6086400 0 0 0 0 0 0 2097152
6089600 0 1 0 0 0 0 2097152
6092800 0 1 0 0 0 0 2097152
6096000 0 0 0 0 0 0 2097152
6099200 0 1 0 0 0 0 2097152
6102400 0 1 0 0 0 0 2097152
18000000 0 0 0 0 0 0 2097152
18003200 0 0 0 0 0 0 2097152
18006400 0 0 0 0 0 0 2097152
18009600 0 0 0 0 0 0 2097152
18012800 0 0 0 0 0 0 2097152
18016000 0 0 0 0 0 0 2097152
18019200 0 0 0 0 0 0 2097152
18022400 0 0 0 0 0 0 2097152
18025600 0 1 0 0 0 0 2097152
18028800 0 1 0 0 0 0 2097152
18032000 0 1 0 0 0 0 2097152
18035200 0 0 0 0 0 0 2097152
18038400 0 0 0 0 0 0 2097152
18041600 0 0 0 0 0 0 2097152
18044800 0 0 0 0 0 0 2097152
18048000 0 1 0 0 0 0 2097152
18051200 0 0 0 0 0 0 2097152
18054400 0 1 0 0 0 0 2097152
18057600 0 0 0 0 0 0 2097152
18060800 0 0 0 0 0 0 2097152
18064000 0 1 0 0 0 0 2097152
18067200 0 1 0 0 0 0 2097152
18070400 0 0 0 0 0 0 2097152
18073600 0 0 0 0 0 0 2097152
18076800 0 0 0 0 0 0 2097152
18080000 0 0 0 0 0 0 2097152
18083200 0 0 0 0 0 0 2097152
18086400 0 0 0 0 0 0 2097152
18089600 0 0 0 0 0 0 2097152
18092800 0 0 0 0 0 0 2097152
18096000 0 0 0 0 0 0 2097152
18099200 0 1 0 0 0 0 2097152
18102400 0 1 0 0 0 0 2097152
28727273 0 0 0 0 0 0 2097152
28730473 0 0 0 0 0 0 2097152
28733673 0 0 0 0 0 0 2097152
28736873 0 0 0 0 0 0 2097152
28740073 0 0 0 0 0 0 2097152
28743273 0 1 0 0 0 0 2097152
28746473 0 0 0 0 0 0 2097152
28749673 0 0 0 0 0 0 2097152
28752873 0 1 0 0 0 0 2097152
28756073 0 1 0 0 0 0 2097152
28759273 0 1 0 0 0 0 2097152
28762473 0 0 0 0 0 0 2097152
28765673 0 0 0 0 0 0 2097152
28768873 0 0 0 0 0 0 2097152
28772073 0 0 0 0 0 0 2097152
28775273 0 1 0 0 0 0 2097152
28778473 0 0 0 0 0 0 2097152
28781673 0 1 0 0 0 0 2097152
28784873 0 0 0 0 0 0 2097152
28788073 0 0 0 0 0 0 2097152
28791273 0 1 0 0 0 0 2097152
28794473 0 1 0 0 0 0 2097152
28797673 0 0 0 0 0 0 2097152
28800873 0 0 0 0 0 0 2097152
28804073 0 1 0 0 0 0 2097152
28807273 0 1 0 0 0 0 2097152
28810473 0 0 0 0 0 0 2097152
28813673 0 1 0 0 0 0 2097152
28816873 0 0 0 0 0 0 2097152
28820073 0 1 0 0 0 0 2097152
28823273 0 0 0 0 0 0 2097152
28826473 0 1 0 0 0 0 2097152
28829673 0 1 0 0 0 0 2097152
40727273 0 0 0 0 0 0 2097152
40730473 0 0 0 0 0 0 2097152
40733673 0 0 0 0 0 0 2097152
40736873 0 0 0 0 0 0 2097152
40740073 0 0 0 0 0 0 2097152
40743273 0 0 0 0 0 0 2097152
40746473 0 0 0 0 0 0 2097152
40749673 0 0 0 0 0 0 2097152
40752873 0 1 0 0 0 0 2097152
40756073 0 1 0 0 0 0 2097152
40759273 0 1 0 0 0 0 2097152
40762473 0 0 0 0 0 0 2097152
40765673 0 0 0 0 0 0 2097152
40768873 0 0 0 0 0 0 2097152
40772073 0 0 0 0 0 0 2097152
40775273 0 1 0 0 0 0 2097152
40778473 0 0 0 0 0 0 2097152
40781673 0 1 0 0 0 0 2097152
40784873 0 0 0 0 0 0 2097152
40788073 0 0 0 0 0 0 2097152
40791273 0 1 0 0 0 0 2097152
40794473 0 1 0 0 0 0 2097152
40797673 0 0 0 0 0 0 2097152
40800873 0 0 0 0 0 0 2097152
40804073 0 0 0 0 0 0 2097152
40807273 0 0 0 0 0 0 2097152
40810473 0 0 0 0 0 0 2097152
40813673 0 0 0 0 0 0 2097152
40816873 0 0 0 0 0 0 2097152
40820073 0 0 0 0 0 0 2097152
40823273 0 0 0 0 0 0 2097152
40826473 0 1 0 0 0 0 2097152
40829673 0 1 0 0 0 0 2097152
51454545 0 0 0 0 0 0 2097152
51457745 0 0 0 0 0 0 2097152
51460945 0 0 0 0 0 0 2097152
51464145 0 0 0 0 0 0 2097152
51467345 0 0 0 0 0 0 2097152
51470545 0 1 0 0 0 0 2097152
51473745 0 0 0 0 0 0 2097152
51476945 0 0 0 0 0 0 2097152
51480145 0 1 0 0 0 0 2097152
51483345 0 1 0 0 0 0 2097152
51486545 0 1 0 0 0 0 2097152
51489745 0 0 0 0 0 0 2097152
51492945 0 1 0 0 0 0 2097152
51496145 0 1 0 0 0 0 2097152
51499345 0 0 0 0 0 0 2097152
51502545 0 1 0 0 0 0 2097152
51505745 0 0 0 0 0 0 2097152
51508945 0 1 0 0 0 0 2097152
51512145 0 0 0 0 0 0 2097152
51515345 0 0 0 0 0 0 2097152
51518545 0 1 0 0 0 0 2097152
51521745 0 1 0 0 0 0 2097152
51524945 0 0 0 0 0 0 2097152
51528145 0 0 0 0 0 0 2097152
51531345 0 1 0 0 0 0 2097152
51534545 0 1 0 0 0 0 2097152
51537745 0 0 0 0 0 0 2097152
51540945 0 1 0 0 0 0 2097152
51544145 0 0 0 0 0 0 2097152
51547345 0 1 0 0 0 0 2097152
51550545 0 0 0 0 0 0 2097152
51553745 0 1 0 0 0 0 2097152
51556945 0 1 0 0 0 0 2097152
63454545 0 0 0 0 0 0 2097152
63457745 0 0 0 0 0 0 2097152
63460945 0 0 0 0 0 0 2097152
63464145 0 0 0 0 0 0 2097152
63467345 0 0 0 0 0 0 2097152
63470545 0 0 0 0 0 0 2097152
63473745 0 0 0 0 0 0 2097152
63476945 0 0 0 0 0 0 2097152
63480145 0 1 0 0 0 0 2097152
63483345 0 1 0 0 0 0 2097152
63486545 0 1 0 0 0 0 2097152
63489745 0 0 0 0 0 0 2097152
63492945 0 1 0 0 0 0 2097152
63496145 0 1 0 0 0 0 2097152
63499345 0 0 0 0 0 0 2097152
63502545 0 1 0 0 0 0 2097152
63505745 0 0 0 0 0 0 2097152
63508945 0 1 0 0 0 0 2097152
63512145 0 0 0 0 0 0 2097152
63515345 0 0 0 0 0 0 2097152
63518545 0 1 0 0 0 0 2097152
63521745 0 1 0 0 0 0 2097152
63524945 0 0 0 0 0 0 2097152
63528145 0 0 0 0 0 0 2097152
63531345 0 0 0 0 0 0 2097152
63534545 0 0 0 0 0 0 2097152
63537745 0 0 0 0 0 0 2097152
63540945 0 0 0 0 0 0 2097152
63544145 0 0 0 0 0 0 2097152
63547345 0 0 0 0 0 0 2097152
63550545 0 0 0 0 0 0 2097152
63553745 0 1 0 0 0 0 2097152
63556945 0 1 0 0 0 0 2097152
74181818 0 0 0 0 0 0 2097152
74185018 0 0 0 0 0 0 2097152
74188218 0 0 0 0 0 0 2097152
74191418 0 0 0 0 0 0 2097152
74194618 0 0 0 0 0 0 2097152
74197818 0 1 0 0 0 0 2097152
74201018 0 0 0 0 0 0 2097152
74204218 0 0 0 0 0 0 2097152
74207418 0 1 0 0 0 0 2097152
74210618 0 1 0 0 0 0 2097152
74213818 0 1 0 0 0 0 2097152
74217018 0 0 0 0 0 0 2097152
74220218 0 0 0 0 0 0 2097152
74223418 0 0 0 0 0 0 2097152
74226618 0 0 0 0 0 0 2097152
74229818 0 1 0 0 0 0 2097152
74233018 0 0 0 0 0 0 2097152
74236218 0 1 0 0 0 0 2097152
74239418 0 0 0 0 0 0 2097152
74242618 0 0 0 0 0 0 2097152
74245818 0 1 0 0 0 0 2097152
74249018 0 1 0 0 0 0 2097152
74252218 0 0 0 0 0 0 2097152
74255418 0 0 0 0 0 0 2097152
74258618 0 1 0 0 0 0 2097152
74261818 0 1 0 0 0 0 2097152
74265018 0 0 0 0 0 0 2097152
74268218 0 1 0 0 0 0 2097152
74271418 0 0 0 0 0 0 2097152
74274618 0 1 0 0 0 0 2097152
74277818 0 0 0 0 0 0 2097152
74281018 0 1 0 0 0 0 2097152
74284218 0 1 0 0 0 0 2097152
86181818 0 0 0 0 0 0 2097152
86185018 0 0 0 0 0 0 2097152
86188218 0 0 0 0 0 0 2097152
86191418 0 0 0 0 0 0 2097152
86194618 0 0 0 0 0 0 2097152
86197818 0 0 0 0 0 0 2097152
86201018 0 0 0 0 0 0 2097152
86204218 0 0 0 0 0 0 2097152
86207418 0 1 0 0 0 0 2097152
86210618 0 1 0 0 0 0 2097152
86213818 0 1 0 0 0 0 2097152
86217018 0 0 0 0 0 0 2097152
86220218 0 0 0 0 0 0 2097152
86223418 0 0 0 0 0 0 2097152
86226618 0 0 0 0 0 0 2097152
86229818 0 1 0 0 0 0 2097152
86233018 0 0 0 0 0 0 2097152
86236218 0 1 0 0 0 0 2097152
86239418 0 0 0 0 0 0 2097152
86242618 0 0 0 0 0 0 2097152
86245818 0 1 0 0 0 0 2097152
86249018 0 1 0 0 0 0 2097152
86252218 0 0 0 0 0 0 2097152
86255418 0 0 0 0 0 0 2097152
86258618 0 0 0 0 0 0 2097152
86261818 0 0 0 0 0 0 2097152
86265018 0 0 0 0 0 0 2097152
86268218 0 0 0 0 0 0 2097152
86271418 0 0 0 0 0 0 2097152
86274618 0 0 0 0 0 0 2097152
86277818 0 0 0 0 0 0 2097152
86281018 0 1 0 0 0 0 2097152
86284218 0 1 0 0 0 0 2097152
86287418 0 0 0 0 0 0 2097152
86290618 0 0 0 0 0 0 2097152
86293818 0 0 0 0 0 0 2097152
86297018 0 0 0 0 0 0 2097152
86300218 0 0 0 0 0 0 2097152
86303418 0 1 0 0 0 0 2097152
86306618 0 0 0 0 0 0 2097152
86309818 0 0 0 0 0 0 2097152
86313018 0 1 0 0 0 0 2097152
86316218 0 1 0 0 0 0 2097152
86319418 0 1 0 0 0 0 2097152
86322618 0 0 0 0 0 0 2097152
86325818 0 0 0 0 0 0 2097152
86329018 0 0 0 0 0 0 2097152
86332218 0 1 0 0 0 0 2097152
86335418 0 0 0 0 0 0 2097152
86338618 0 1 0 0 0 0 2097152
86341818 0 1 0 0 0 0 2097152
86345018 0 0 0 0 0 0 2097152
86348218 0 0 0 0 0 0 2097152
86351418 0 1 0 0 0 0 2097152
86354618 0 1 0 0 0 0 2097152
86357818 0 0 0 0 0 0 2097152
86361018 0 0 0 0 0 0 2097152
86364218 0 1 0 0 0 0 2097152
86367418 0 1 0 0 0 0 2097152
86370618 0 1 0 0 0 0 2097152
86373818 0 1 0 0 0 0 2097152
86377018 0 1 0 0 0 0 2097152
86380218 0 0 0 0 0 0 2097152
86383418 0 0 0 0 0 0 2097152
86386618 0 1 0 0 0 0 2097152
86389818 0 1 0 0 0 0 2097152
91181818 0 0 0 0 0 0 2097152
91185018 0 0 0 0 0 0 2097152
91188218 0 0 0 0 0 0 2097152
91191418 0 0 0 0 0 0 2097152
91194618 0 0 0 0 0 0 2097152
91197818 0 0 0 0 0 0 2097152
91201018 0 0 0 0 0 0 2097152
91204218 0 0 0 0 0 0 2097152
91207418 0 1 0 0 0 0 2097152
91210618 0 1 0 0 0 0 2097152
91213818 0 1 0 0 0 0 2097152
91217018 0 0 0 0 0 0 2097152
91220218 0 0 0 0 0 0 2097152
91223418 0 0 0 0 0 0 2097152
91226618 0 1 0 0 0 0 2097152
91229818 0 0 0 0 0 0 2097152
91233018 0 1 0 0 0 0 2097152
91236218 0 1 0 0 0 0 2097152
91239418 0 0 0 0 0 0 2097152
91242618 0 0 0 0 0 0 2097152
91245818 0 1 0 0 0 0 2097152
91249018 0 1 0 0 0 0 2097152
91252218 0 0 0 0 0 0 2097152
91255418 0 0 0 0 0 0 2097152
91258618 0 0 0 0 0 0 2097152
91261818 0 0 0 0 0 0 2097152
91265018 0 0 0 0 0 0 2097152
91268218 0 0 0 0 0 0 2097152
91271418 0 0 0 0 0 0 2097152
91274618 0 0 0 0 0 0 2097152
91277818 0 0 0 0 0 0 2097152
91281018 0 1 0 0 0 0 2097152
91284218 0 1 0 0 0 0 2097152
96909091 0 0 0 0 0 0 2097152
96912291 0 0 0 0 0 0 2097152
96915491 0 0 0 0 0 0 2097152
96918691 0 0 0 0 0 0 2097152
96921891 0 0 0 0 0 0 2097152
96925091 0 1 0 0 0 0 2097152
96928291 0 0 0 0 0 0 2097152
96931491 0 0 0 0 0 0 2097152
96934691 0 1 0 0 0 0 2097152
96937891 0 1 0 0 0 0 2097152
96941091 0 1 0 0 0 0 2097152
96944291 0 0 0 0 0 0 2097152
96947491 0 1 0 0 0 0 2097152
96950691 0 1 0 0 0 0 2097152
96953891 0 1 0 0 0 0 2097152
96957091 0 1 0 0 0 0 2097152
96960291 0 0 0 0 0 0 2097152
96963491 0 1 0 0 0 0 2097152
96966691 0 0 0 0 0 0 2097152
96969891 0 0 0 0 0 0 2097152
96973091 0 1 0 0 0 0 2097152
96976291 0 1 0 0 0 0 2097152
96979491 0 0 0 0 0 0 2097152
96982691 0 0 0 0 0 0 2097152
96985891 0 0 0 0 0 0 2097152
96989091 0 1 0 0 0 0 2097152
96992291 0 1 0 0 0 0 2097152
96995491 0 0 0 0 0 0 2097152
96998691 0 1 0 0 0 0 2097152
97001891 0 1 0 0 0 0 2097152
97005091 0 0 0 0 0 0 2097152
97008291 0 1 0 0 0 0 2097152
97011491 0 1 0 0 0 0 2097152
108909091 0 0 0 0 0 0 2097152
108912291 0 0 0 0 0 0 2097152
108915491 0 0 0 0 0 0 2097152
108918691 0 0 0 0 0 0 2097152
108921891 0 0 0 0 0 0 2097152
108925091 0 0 0 0 0 0 2097152
108928291 0 0 0 0 0 0 2097152
108931491 0 0 0 0 0 0 2097152
108934691 0 1 0 0 0 0 2097152
108937891 0 1 0 0 0 0 2097152
108941091 0 1 0 0 0 0 2097152
108944291 0 0 0 0 0 0 2097152
108947491 0 1 0 0 0 0 2097152
108950691 0 1 0 0 0 0 2097152
108953891 0 1 0 0 0 0 2097152
108957091 0 1 0 0 0 0 2097152
108960291 0 0 0 0 0 0 2097152
108963491 0 1 0 0 0 0 2097152
108966691 0 0 0 0 0 0 2097152
108969891 0 0 0 0 0 0 2097152
108973091 0 1 0 0 0 0 2097152
108976291 0 1 0 0 0 0 2097152
108979491 0 0 0 0 0 0 2097152
108982691 0 0 0 0 0 0 2097152
108985891 0 0 0 0 0 0 2097152
108989091 0 0 0 0 0 0 2097152
108992291 0 0 0 0 0 0 2097152
108995491 0 0 0 0 0 0 2097152
108998691 0 0 0 0 0 0 2097152
109001891 0 0 0 0 0 0 2097152
109005091 0 0 0 0 0 0 2097152
109008291 0 1 0 0 0 0 2097152
109011491 0 1 0 0 0 0 2097152
119636364 0 0 0 0 0 0 2097152
119639564 0 0 0 0 0 0 2097152
119642764 0 0 0 0 0 0 2097152
119645964 0 0 0 0 0 0 2097152
119649164 0 0 0 0 0 0 2097152
119652364 0 1 0 0 0 0 2097152
119655564 0 0 0 0 0 0 2097152
119658764 0 0 0 0 0 0 2097152
119661964 0 1 0 0 0 0 2097152
119665164 0 1 0 0 0 0 2097152
119668364 0 1 0 0 0 0 2097152
119671564 0 0 0 0 0 0 2097152
119674764 0 1 0 0 0 0 2097152
119677964 0 1 0 0 0 0 2097152
119681164 0 0 0 0 0 0 2097152
119684364 0 1 0 0 0 0 2097152
119687564 0 0 0 0 0 0 2097152
119690764 0 1 0 0 0 0 2097152
119693964 0 0 0 0 0 0 2097152
119697164 0 0 0 0 0 0 2097152
119700364 0 1 0 0 0 0 2097152
119703564 0 1 0 0 0 0 2097152
119706764 0 0 0 0 0 0 2097152
119709964 0 0 0 0 0 0 2097152
119713164 0 1 0 0 0 0 2097152
119716364 0 1 0 0 0 0 2097152
119719564 0 0 0 0 0 0 2097152
119722764 0 1 0 0 0 0 2097152
119725964 0 0 0 0 0 0 2097152
119729164 0 1 0 0 0 0 2097152
119732364 0 0 0 0 0 0 2097152
119735564 0 1 0 0 0 0 2097152
119738764 0 1 0 0 0 0 2097152
131636364 0 0 0 0 0 0 2097152
131639564 0 0 0 0 0 0 2097152
131642764 0 0 0 0 0 0 2097152
131645964 0 0 0 0 0 0 2097152
131649164 0 0 0 0 0 0 2097152
131652364 0 0 0 0 0 0 2097152
131655564 0 0 0 0 0 0 2097152
131658764 0 0 0 0 0 0 2097152
131661964 0 1 0 0 0 0 2097152
131665164 0 1 0 0 0 0 2097152
131668364 0 1 0 0 0 0 2097152
131671564 0 0 0 0 0 0 2097152
131674764 0 1 0 0 0 0 2097152
131677964 0 1 0 0 0 0 2097152
131681164 0 0 0 0 0 0 2097152
131684364 0 1 0 0 0 0 2097152
131687564 0 0 0 0 0 0 2097152
131690764 0 1 0 0 0 0 2097152
131693964 0 0 0 0 0 0 2097152
131697164 0 0 0 0 0 0 2097152
131700364 0 1 0 0 0 0 2097152
131703564 0 1 0 0 0 0 2097152
131706764 0 0 0 0 0 0 2097152
131709964 0 0 0 0 0 0 2097152
131713164 0 0 0 0 0 0 2097152
131716364 0 0 0 0 0 0 2097152
131719564 0 0 0 0 0 0 2097152
131722764 0 0 0 0 0 0 2097152
131725964 0 0 0 0 0 0 2097152
131729164 0 0 0 0 0 0 2097152
131732364 0 0 0 0 0 0 2097152
131735564 0 1 0 0 0 0 2097152
131738764 0 1 0 0 0 0 2097152
142363636 0 0 0 0 0 0 2097152
142366836 0 0 0 0 0 0 2097152
142370036 0 0 0 0 0 0 2097152
142373236 0 0 0 0 0 0 2097152
142376436 0 0 0 0 0 0 2097152
142379636 0 1 0 0 0 0 2097152
142382836 0 0 0 0 0 0 2097152
142386036 0 0 0 0 0 0 2097152
142389236 0 1 0 0 0 0 2097152
142392436 0 1 0 0 0 0 2097152
142395636 0 1 0 0 0 0 2097152
142398836 0 0 0 0 0 0 2097152
142402036 0 0 0 0 0 0 2097152
142405236 0 0 0 0 0 0 2097152
142408436 0 0 0 0 0 0 2097152
142411636 0 1 0 0 0 0 2097152
142414836 0 0 0 0 0 0 2097152
142418036 0 1 0 0 0 0 2097152
142421236 0 0 0 0 0 0 2097152
142424436 0 0 0 0 0 0 2097152
142427636 0 1 0 0 0 0 2097152
142430836 0 1 0 0 0 0 2097152
142434036 0 0 0 0 0 0 2097152
142437236 0 0 0 0 0 0 2097152
142440436 0 1 0 0 0 0 2097152
142443636 0 1 0 0 0 0 2097152
142446836 0 0 0 0 0 0 2097152
142450036 0 1 0 0 0 0 2097152
142453236 0 0 0 0 0 0 2097152
142456436 0 1 0 0 0 0 2097152
142459636 0 0 0 0 0 0 2097152
142462836 0 1 0 0 0 0 2097152
142466036 0 1 0 0 0 0 2097152
154363636 0 0 0 0 0 0 2097152
154366836 0 0 0 0 0 0 2097152
154370036 0 0 0 0 0 0 2097152
154373236 0 0 0 0 0 0 2097152
154376436 0 0 0 0 0 0 2097152
154379636 0 0 0 0 0 0 2097152
154382836 0 0 0 0 0 0 2097152
154386036 0 0 0 0 0 0 2097152
154389236 0 1 0 0 0 0 2097152
154392436 0 1 0 0 0 0 2097152
154395636 0 1 0 0 0 0 2097152
154398836 0 0 0 0 0 0 2097152
154402036 0 0 0 0 0 0 2097152
154405236 0 0 0 0 0 0 2097152
154408436 0 0 0 0 0 0 2097152
154411636 0 1 0 0 0 0 2097152
154414836 0 0 0 0 0 0 2097152
154418036 0 1 0 0 0 0 2097152
154421236 0 0 0 0 0 0 2097152
154424436 0 0 0 0 0 0 2097152
154427636 0 1 0 0 0 0 2097152
154430836 0 1 0 0 0 0 2097152
154434036 0 0 0 0 0 0 2097152
154437236 0 0 0 0 0 0 2097152
154440436 0 0 0 0 0 0 2097152
154443636 0 0 0 0 0 0 2097152
154446836 0 0 0 0 0 0 2097152
154450036 0 0 0 0 0 0 2097152
154453236 0 0 0 0 0 0 2097152
154456436 0 0 0 0 0 0 2097152
154459636 0 0 0 0 0 0 2097152
154462836 0 1 0 0 0 0 2097152
154466036 0 1 0 0 0 0 2097152
165090909 0 0 0 0 0 0 2097152
165094109 0 0 0 0 0 0 2097152
165097309 0 0 0 0 0 0 2097152
165100509 0 0 0 0 0 0 2097152
165103709 0 0 0 0 0 0 2097152
165106909 0 1 0 0 0 0 2097152
165110109 0 0 0 0 0 0 2097152
165113309 0 0 0 0 0 0 2097152
165116509 0 1 0 0 0 0 2097152
165119709 0 1 0 0 0 0 2097152
165122909 0 1 0 0 0 0 2097152
165126109 0 0 0 0 0 0 2097152
165129309 0 0 0 0 0 0 2097152
165132509 0 1 0 0 0 0 2097152
165135709 0 1 0 0 0 0 2097152
165138909 0 0 0 0 0 0 2097152
165142109 0 0 0 0 0 0 2097152
165145309 0 1 0 0 0 0 2097152
165148509 0 0 0 0 0 0 2097152
165151709 0 0 0 0 0 0 2097152
165154909 0 1 0 0 0 0 2097152
165158109 0 1 0 0 0 0 2097152
165161309 0 0 0 0 0 0 2097152
165164509 0 0 0 0 0 0 2097152
165167709 0 1 0 0 0 0 2097152
165170909 0 1 0 0 0 0 2097152
165174109 0 0 0 0 0 0 2097152
165177309 0 1 0 0 0 0 2097152
165180509 0 0 0 0 0 0 2097152
165183709 0 1 0 0 0 0 2097152
165186909 0 0 0 0 0 0 2097152
165190109 0 1 0 0 0 0 2097152
165193309 0 1 0 0 0 0 2097152
177090909 0 0 0 0 0 0 2097152
177094109 0 0 0 0 0 0 2097152
177097309 0 0 0 0 0 0 2097152
177100509 0 0 0 0 0 0 2097152
177103709 0 0 0 0 0 0 2097152
177106909 0 0 0 0 0 0 2097152
177110109 0 0 0 0 0 0 2097152
177113309 0 0 0 0 0 0 2097152
177116509 0 1 0 0 0 0 2097152
177119709 0 1 0 0 0 0 2097152
177122909 0 1 0 0 0 0 2097152
177126109 0 0 0 0 0 0 2097152
177129309 0 0 0 0 0 0 2097152
177132509 0 1 0 0 0 0 2097152
177135709 0 1 0 0 0 0 2097152
177138909 0 0 0 0 0 0 2097152
177142109 0 0 0 0 0 0 2097152
177145309 0 1 0 0 0 0 2097152
177148509 0 0 0 0 0 0 2097152
177151709 0 0 0 0 0 0 2097152
177154909 0 1 0 0 0 0 2097152
177158109 0 1 0 0 0 0 2097152
177161309 0 0 0 0 0 0 2097152
177164509 0 0 0 0 0 0 2097152
177167709 0 0 0 0 0 0 2097152
177170909 0 0 0 0 0 0 2097152
177174109 0 0 0 0 0 0 2097152
177177309 0 0 0 0 0 0 2097152
177180509 0 0 0 0 0 0 2097152
177183709 0 0 0 0 0 0 2097152
177186909 0 0 0 0 0 0 2097152
177190109 0 1 0 0 0 0 2097152
177193309 0 1 0 0 0 0 2097152
177196509 0 0 0 0 0 0 2097152
177199709 0 0 0 0 0 0 2097152
177202909 0 0 0 0 0 0 2097152
177206109 0 0 0 0 0 0 2097152
177209309 0 0 0 0 0 0 2097152
177212509 0 1 0 0 0 0 2097152
177215709 0 0 0 0 0 0 2097152
177218909 0 0 0 0 0 0 2097152
177222109 0 1 0 0 0 0 2097152
177225309 0 1 0 0 0 0 2097152
177228509 0 1 0 0 0 0 2097152
177231709 0 0 0 0 0 0 2097152
177234909 0 0 0 0 0 0 2097152
177238109 0 1 0 0 0 0 2097152
177241309 0 0 0 0 0 0 2097152
177244509 0 0 0 0 0 0 2097152
177247709 0 1 0 0 0 0 2097152
177250909 0 1 0 0 0 0 2097152
177254109 0 0 0 0 0 0 2097152
177257309 0 0 0 0 0 0 2097152
177260509 0 1 0 0 0 0 2097152
177263709 0 1 0 0 0 0 2097152
177266909 0 0 0 0 0 0 2097152
177270109 0 0 0 0 0 0 2097152
177273309 0 1 0 0 0 0 2097152
177276509 0 1 0 0 0 0 2097152
177279709 0 1 0 0 0 0 2097152
177282909 0 1 0 0 0 0 2097152
177286109 0 1 0 0 0 0 2097152
177289309 0 0 0 0 0 0 2097152
177292509 0 0 0 0 0 0 2097152
177295709 0 1 0 0 0 0 2097152
177298909 0 1 0 0 0 0 2097152
182090909 0 0 0 0 0 0 2097152
182094109 0 0 0 0 0 0 2097152
182097309 0 0 0 0 0 0 2097152
182100509 0 0 0 0 0 0 2097152
182103709 0 0 0 0 0 0 2097152
182106909 0 0 0 0 0 0 2097152
182110109 0 0 0 0 0 0 2097152
182113309 0 0 0 0 0 0 2097152
182116509 0 1 0 0 0 0 2097152
182119709 0 1 0 0 0 0 2097152
182122909 0 1 0 0 0 0 2097152
182126109 0 0 0 0 0 0 2097152
182129309 0 0 0 0 0 0 2097152
182132509 0 1 0 0 0 0 2097152
182135709 0 0 0 0 0 0 2097152
182138909 0 0 0 0 0 0 2097152
182142109 0 1 0 0 0 0 2097152
182145309 0 1 0 0 0 0 2097152
182148509 0 0 0 0 0 0 2097152
182151709 0 0 0 0 0 0 2097152
182154909 0 1 0 0 0 0 2097152
182158109 0 1 0 0 0 0 2097152
182161309 0 0 0 0 0 0 2097152
182164509 0 0 0 0 0 0 2097152
182167709 0 0 0 0 0 0 2097152
182170909 0 0 0 0 0 0 2097152
182174109 0 0 0 0 0 0 2097152
182177309 0 0 0 0 0 0 2097152
182180509 0 0 0 0 0 0 2097152
182183709 0 0 0 0 0 0 2097152
182186909 0 0 0 0 0 0 2097152
182190109 0 1 0 0 0 0 2097152
182193309 0 1 0 0 0 0 2097152
187818182 0 0 0 0 0 0 2097152
187821382 0 0 0 0 0 0 2097152
187824582 0 0 0 0 0 0 2097152
187827782 0 0 0 0 0 0 2097152
187830982 0 0 0 0 0 0 2097152
187834182 0 1 0 0 0 0 2097152
187837382 0 0 0 0 0 0 2097152
187840582 0 0 0 0 0 0 2097152
187843782 0 1 0 0 0 0 2097152
187846982 0 1 0 0 0 0 2097152
187850182 0 1 0 0 0 0 2097152
187853382 0 0 0 0 0 0 2097152
187856582 0 0 0 0 0 0 2097152
187859782 0 0 0 0 0 0 2097152
187862982 0 0 0 0 0 0 2097152
187866182 0 1 0 0 0 0 2097152
187869382 0 0 0 0 0 0 2097152
187872582 0 1 0 0 0 0 2097152
187875782 0 0 0 0 0 0 2097152
187878982 0 0 0 0 0 0 2097152
187882182 0 1 0 0 0 0 2097152
187885382 0 1 0 0 0 0 2097152
187888582 0 0 0 0 0 0 2097152
187891782 0 0 0 0 0 0 2097152
187894982 0 0 0 0 0 0 2097152
187898182 0 1 0 0 0 0 2097152
187901382 0 1 0 0 0 0 2097152
187904582 0 0 0 0 0 0 2097152
187907782 0 1 0 0 0 0 2097152
187910982 0 1 0 0 0 0 2097152
187914182 0 0 0 0 0 0 2097152
187917382 0 1 0 0 0 0 2097152
187920582 0 1 0 0 0 0 2097152
199818182 0 0 0 0 0 0 2097152
199821382 0 0 0 0 0 0 2097152
199824582 0 0 0 0 0 0 2097152
199827782 0 0 0 0 0 0 2097152
199830982 0 0 0 0 0 0 2097152
199834182 0 0 0 0 0 0 2097152
199837382 0 0 0 0 0 0 2097152
199840582 0 0 0 0 0 0 2097152
199843782 0 1 0 0 0 0 2097152
199846982 0 1 0 0 0 0 2097152
199850182 0 1 0 0 0 0 2097152
199853382 0 0 0 0 0 0 2097152
199856582 0 0 0 0 0 0 2097152
199859782 0 0 0 0 0 0 2097152
199862982 0 0 0 0 0 0 2097152
199866182 0 1 0 0 0 0 2097152
199869382 0 0 0 0 0 0 2097152
199872582 0 1 0 0 0 0 2097152
199875782 0 0 0 0 0 0 2097152
199878982 0 0 0 0 0 0 2097152
199882182 0 1 0 0 0 0 2097152
199885382 0 1 0 0 0 0 2097152
199888582 0 0 0 0 0 0 2097152
199891782 0 0 0 0 0 0 2097152
199894982 0 0 0 0 0 0 2097152
199898182 0 0 0 0 0 0 2097152
199901382 0 0 0 0 0 0 2097152
199904582 0 0 0 0 0 0 2097152
199907782 0 0 0 0 0 0 2097152
199910982 0 0 0 0 0 0 2097152
199914182 0 0 0 0 0 0 2097152
199917382 0 1 0 0 0 0 2097152
199920582 0 1 0 0 0 0 2097152
210545455 0 0 0 0 0 0 2097152
210548655 0 0 0 0 0 0 2097152
210551855 0 0 0 0 0 0 2097152
210555055 0 0 0 0 0 0 2097152
210558255 0 0 0 0 0 0 2097152
210561455 0 1 0 0 0 0 2097152
210564655 0 0 0 0 0 0 2097152
210567855 0 0 0 0 0 0 2097152
210571055 0 1 0 0 0 0 2097152
210574255 0 1 0 0 0 0 2097152
210577455 0 1 0 0 0 0 2097152
210580655 0 0 0 0 0 0 2097152
210583855 0 0 0 0 0 0 2097152
210587055 0 0 0 0 0 0 2097152
210590255 0 0 0 0 0 0 2097152
210593455 0 1 0 0 0 0 2097152
210596655 0 0 0 0 0 0 2097152
210599855 0 1 0 0 0 0 2097152
210603055 0 0 0 0 0 0 2097152
210606255 0 0 0 0 0 0 2097152
210609455 0 1 0 0 0 0 2097152
210612655 0 1 0 0 0 0 2097152
210615855 0 0 0 0 0 0 2097152
210619055 0 0 0 0 0 0 2097152
210622255 0 1 0 0 0 0 2097152
210625455 0 1 0 0 0 0 2097152
210628655 0 0 0 0 0 0 2097152
210631855 0 1 0 0 0 0 2097152
210635055 0 0 0 0 0 0 2097152
210638255 0 1 0 0 0 0 2097152
210641455 0 0 0 0 0 0 2097152
210644655 0 1 0 0 0 0 2097152
210647855 0 1 0 0 0 0 2097152
222545455 0 0 0 0 0 0 2097152
222548655 0 0 0 0 0 0 2097152
222551855 0 0 0 0 0 0 2097152
222555055 0 0 0 0 0 0 2097152
222558255 0 0 0 0 0 0 2097152
222561455 0 0 0 0 0 0 2097152
222564655 0 0 0 0 0 0 2097152
222567855 0 0 0 0 0 0 2097152
222571055 0 1 0 0 0 0 2097152
222574255 0 1 0 0 0 0 2097152
222577455 0 1 0 0 0 0 2097152
222580655 0 0 0 0 0 0 2097152
222583855 0 0 0 0 0 0 2097152
222587055 0 0 0 0 0 0 2097152
222590255 0 0 0 0 0 0 2097152
222593455 0 1 0 0 0 0 2097152
222596655 0 0 0 0 0 0 2097152
222599855 0 1 0 0 0 0 2097152
222603055 0 0 0 0 0 0 2097152
222606255 0 0 0 0 0 0 2097152
222609455 0 1 0 0 0 0 2097152
222612655 0 1 0 0 0 0 2097152
222615855 0 0 0 0 0 0 2097152
222619055 0 0 0 0 0 0 2097152
222622255 0 0 0 0 0 0 2097152
222625455 0 0 0 0 0 0 2097152
222628655 0 0 0 0 0 0 2097152
222631855 0 0 0 0 0 0 2097152
222635055 0 0 0 0 0 0 2097152
222638255 0 0 0 0 0 0 2097152
222641455 0 0 0 0 0 0 2097152
222644655 0 1 0 0 0 0 2097152
222647855 0 1 0 0 0 0 2097152
233272727 0 0 0 0 0 0 2097152
233275927 0 0 0 0 0 0 2097152
233279127 0 0 0 0 0 0 2097152
233282327 0 0 0 0 0 0 2097152
233285527 0 0 0 0 0 0 2097152
233288727 0 1 0 0 0 0 2097152
233291927 0 0 0 0 0 0 2097152
233295127 0 0 0 0 0 0 2097152
233298327 0 1 0 0 0 0 2097152
233301527 0 1 0 0 0 0 2097152
233304727 0 1 0 0 0 0 2097152
233307927 0 0 0 0 0 0 2097152
233311127 0 1 0 0 0 0 2097152
233314327 0 1 0 0 0 0 2097152
233317527 0 0 0 0 0 0 2097152
233320727 0 1 0 0 0 0 2097152
233323927 0 0 0 0 0 0 2097152
233327127 0 1 0 0 0 0 2097152
233330327 0 0 0 0 0 0 2097152
233333527 0 0 0 0 0 0 2097152
233336727 0 1 0 0 0 0 2097152
233339927 0 1 0 0 0 0 2097152
233343127 0 0 0 0 0 0 2097152
233346327 0 0 0 0 0 0 2097152
233349527 0 1 0 0 0 0 2097152
233352727 0 1 0 0 0 0 2097152
233355927 0 0 0 0 0 0 2097152
233359127 0 1 0 0 0 0 2097152
233362327 0 0 0 0 0 0 2097152
233365527 0 1 0 0 0 0 2097152
233368727 0 0 0 0 0 0 2097152
233371927 0 1 0 0 0 0 2097152
233375127 0 1 0 0 0 0 2097152
245272727 0 0 0 0 0 0 2097152
245275927 0 0 0 0 0 0 2097152
245279127 0 0 0 0 0 0 2097152
245282327 0 0 0 0 0 0 2097152
245285527 0 0 0 0 0 0 2097152
245288727 0 0 0 0 0 0 2097152
245291927 0 0 0 0 0 0 2097152
245295127 0 0 0 0 0 0 2097152
245298327 0 1 0 0 0 0 2097152
245301527 0 1 0 0 0 0 2097152
245304727 0 1 0 0 0 0 2097152
245307927 0 0 0 0 0 0 2097152
245311127 0 1 0 0 0 0 2097152
245314327 0 1 0 0 0 0 2097152
245317527 0 0 0 0 0 0 2097152
245320727 0 1 0 0 0 0 2097152
245323927 0 0 0 0 0 0 2097152
245327127 0 1 0 0 0 0 2097152
245330327 0 0 0 0 0 0 2097152
245333527 0 0 0 0 0 0 2097152
245336727 0 1 0 0 0 0 2097152
245339927 0 1 0 0 0 0 2097152
245343127 0 0 0 0 0 0 2097152
245346327 0 0 0 0 0 0 2097152
245349527 0 0 0 0 0 0 2097152
245352727 0 0 0 0 0 0 2097152
245355927 0 0 0 0 0 0 2097152
245359127 0 0 0 0 0 0 2097152
245362327 0 0 0 0 0 0 2097152
245365527 0 0 0 0 0 0 2097152
245368727 0 0 0 0 0 0 2097152
245371927 0 1 0 0 0 0 2097152
245375127 0 1 0 0 0 0 2097152
256000000 0 0 0 0 0 0 2097152
256003200 0 0 0 0 0 0 2097152
256006400 0 0 0 0 0 0 2097152
256009600 0 0 0 0 0 0 2097152
256012800 0 0 0 0 0 0 2097152
256016000 0 1 0 0 0 0 2097152
256019200 0 0 0 0 0 0 2097152
256022400 0 0 0 0 0 0 2097152
256025600 0 1 0 0 0 0 2097152
256028800 0 1 0 0 0 0 2097152
256032000 0 1 0 0 0 0 2097152
256035200 0 0 0 0 0 0 2097152
256038400 0 1 0 0 0 0 2097152
256041600 0 0 0 0 0 0 2097152
256044800 0 1 0 0 0 0 2097152
256048000 0 1 0 0 0 0 2097152
256051200 0 0 0 0 0 0 2097152
256054400 0 1 0 0 0 0 2097152
256057600 0 0 0 0 0 0 2097152
256060800 0 0 0 0 0 0 2097152
256064000 0 1 0 0 0 0 2097152
256067200 0 1 0 0 0 0 2097152
256070400 0 0 0 0 0 0 2097152
256073600 0 0 0 0 0 0 2097152
256076800 0 1 0 0 0 0 2097152
256080000 0 1 0 0 0 0 2097152
256083200 0 0 0 0 0 0 2097152
256086400 0 1 0 0 0 0 2097152
256089600 0 0 0 0 0 0 2097152
256092800 0 1 0 0 0 0 2097152
256096000 0 0 0 0 0 0 2097152
256099200 0 1 0 0 0 0 2097152
256102400 0 1 0 0 0 0 2097152
268000000 0 0 0 0 0 0 2097152
268003200 0 0 0 0 0 0 2097152
268006400 0 0 0 0 0 0 2097152
268009600 0 0 0 0 0 0 2097152
268012800 0 0 0 0 0 0 2097152
268016000 0 0 0 0 0 0 2097152
268019200 0 0 0 0 0 0 2097152
268022400 0 0 0 0 0 0 2097152
268025600 0 1 0 0 0 0 2097152
268028800 0 1 0 0 0 0 2097152
268032000 0 1 0 0 0 0 2097152
268035200 0 0 0 0 0 0 2097152
268038400 0 1 0 0 0 0 2097152
268041600 0 0 0 0 0 0 2097152
268044800 0 1 0 0 0 0 2097152
268048000 0 1 0 0 0 0 2097152
268051200 0 0 0 0 0 0 2097152
268054400 0 1 0 0 0 0 2097152
268057600 0 0 0 0 0 0 2097152
268060800 0 0 0 0 0 0 2097152
268064000 0 1 0 0 0 0 2097152
268067200 0 1 0 0 0 0 2097152
268070400 0 0 0 0 0 0 2097152
268073600 0 0 0 0 0 0 2097152
268076800 0 0 0 0 0 0 2097152
268080000 0 0 0 0 0 0 2097152
268083200 0 0 0 0 0 0 2097152
268086400 0 0 0 0 0 0 2097152
268089600 0 0 0 0 0 0 2097152
268092800 0 0 0 0 0 0 2097152
268096000 0 0 0 0 0 0 2097152
268099200 0 1 0 0 0 0 2097152
268102400 0 1 0 0 0 0 2097152
268105600 0 0 0 0 0 0 2097152
268108800 0 0 0 0 0 0 2097152
268112000 0 0 0 0 0 0 2097152
268115200 0 0 0 0 0 0 2097152
268118400 0 0 0 0 0 0 2097152
268121600 0 1 0 0 0 0 2097152
268124800 0 0 0 0 0 0 2097152
268128000 0 0 0 0 0 0 2097152
268131200 0 1 0 0 0 0 2097152
268134400 0 1 0 0 0 0 2097152
268137600 0 1 0 0 0 0 2097152
268140800 0 0 0 0 0 0 2097152
268144000 0 1 0 0 0 0 2097152
268147200 0 0 0 0 0 0 2097152
268150400 0 0 0 0 0 0 2097152
268153600 0 1 0 0 0 0 2097152
268156800 0 1 0 0 0 0 2097152
268160000 0 1 0 0 0 0 2097152
268163200 0 0 0 0 0 0 2097152
268166400 0 0 0 0 0 0 2097152
268169600 0 1 0 0 0 0 2097152
268172800 0 1 0 0 0 0 2097152
268176000 0 0 0 0 0 0 2097152
268179200 0 0 0 0 0 0 2097152
268182400 0 1 0 0 0 0 2097152
268185600 0 1 0 0 0 0 2097152
268188800 0 1 0 0 0 0 2097152
268192000 0 1 0 0 0 0 2097152
268195200 0 1 0 0 0 0 2097152
268198400 0 0 0 0 0 0 2097152
268201600 0 0 0 0 0 0 2097152
268204800 0 1 0 0 0 0 2097152
268208000 0 1 0 0 0 0 2097152
273000000 0 0 0 0 0 0 2097152
273003200 0 0 0 0 0 0 2097152
273006400 0 0 0 0 0 0 2097152
273009600 0 0 0 0 0 0 2097152
273012800 0 0 0 0 0 0 2097152
273016000 0 0 0 0 0 0 2097152
273019200 0 0 0 0 0 0 2097152
273022400 0 0 0 0 0 0 2097152
273025600 0 1 0 0 0 0 2097152
273028800 0 1 0 0 0 0 2097152
273032000 0 1 0 0 0 0 2097152
273035200 0 0 0 0 0 0 2097152
273038400 0 1 0 0 0 0 2097152
273041600 0 0 0 0 0 0 2097152
273044800 0 0 0 0 0 0 2097152
273048000 0 1 0 0 0 0 2097152
273051200 0 1 0 0 0 0 2097152
273054400 0 1 0 0 0 0 2097152
273057600 0 0 0 0 0 0 2097152
273060800 0 0 0 0 0 0 2097152
273064000 0 1 0 0 0 0 2097152
273067200 0 1 0 0 0 0 2097152
273070400 0 0 0 0 0 0 2097152
273073600 0 0 0 0 0 0 2097152
273076800 0 0 0 0 0 0 2097152
273080000 0 0 0 0 0 0 2097152
273083200 0 0 0 0 0 0 2097152
273086400 0 0 0 0 0 0 2097152
273089600 0 0 0 0 0 0 2097152
273092800 0 0 0 0 0 0 2097152
273096000 0 0 0 0 0 0 2097152
273099200 0 1 0 0 0 0 2097152
273102400 0 1 0 0 0 0 2097152
278727273 0 0 0 0 0 0 2097152
278730473 0 0 0 0 0 0 2097152
278733673 0 0 0 0 0 0 2097152
278736873 0 0 0 0 0 0 2097152
278740073 0 0 0 0 0 0 2097152
278743273 0 1 0 0 0 0 2097152
278746473 0 0 0 0 0 0 2097152
278749673 0 0 0 0 0 0 2097152
278752873 0 1 0 0 0 0 2097152
278756073 0 1 0 0 0 0 2097152
278759273 0 1 0 0 0 0 2097152
278762473 0 0 0 0 0 0 2097152
278765673 0 1 0 0 0 0 2097152
278768873 0 1 0 0 0 0 2097152
278772073 0 1 0 0 0 0 2097152
278775273 0 1 0 0 0 0 2097152
278778473 0 0 0 0 0 0 2097152
278781673 0 1 0 0 0 0 2097152
278784873 0 0 0 0 0 0 2097152
278788073 0 0 0 0 0 0 2097152
278791273 0 1 0 0 0 0 2097152
278794473 0 1 0 0 0 0 2097152
278797673 0 0 0 0 0 0 2097152
278800873 0 0 0 0 0 0 2097152
278804073 0 0 0 0 0 0 2097152
278807273 0 1 0 0 0 0 2097152
278810473 0 1 0 0 0 0 2097152
278813673 0 0 0 0 0 0 2097152
278816873 0 1 0 0 0 0 2097152
278820073 0 1 0 0 0 0 2097152
278823273 0 0 0 0 0 0 2097152
278826473 0 1 0 0 0 0 2097152
278829673 0 1 0 0 0 0 2097152
290727273 0 0 0 0 0 0 2097152
290730473 0 0 0 0 0 0 2097152
290733673 0 0 0 0 0 0 2097152
290736873 0 0 0 0 0 0 2097152
290740073 0 0 0 0 0 0 2097152
290743273 0 0 0 0 0 0 2097152
290746473 0 0 0 0 0 0 2097152
290749673 0 0 0 0 0 0 2097152
290752873 0 1 0 0 0 0 2097152
290756073 0 1 0 0 0 0 2097152
290759273 0 1 0 0 0 0 2097152
290762473 0 0 0 0 0 0 2097152
290765673 0 1 0 0 0 0 2097152
290768873 0 1 0 0 0 0 2097152
290772073 0 1 0 0 0 0 2097152
290775273 0 1 0 0 0 0 2097152
290778473 0 0 0 0 0 0 2097152
290781673 0 1 0 0 0 0 2097152
290784873 0 0 0 0 0 0 2097152
290788073 0 0 0 0 0 0 2097152
290791273 0 1 0 0 0 0 2097152
290794473 0 1 0 0 0 0 2097152
290797673 0 0 0 0 0 0 2097152
290800873 0 0 0 0 0 0 2097152
290804073 0 0 0 0 0 0 2097152
290807273 0 0 0 0 0 0 2097152
290810473 0 0 0 0 0 0 2097152
290813673 0 0 0 0 0 0 2097152
290816873 0 0 0 0 0 0 2097152
290820073 0 0 0 0 0 0 2097152
290823273 0 0 0 0 0 0 2097152
290826473 0 1 0 0 0 0 2097152
290829673 0 1 0 0 0 0 2097152
301454545 0 0 0 0 0 0 2097152
301457745 0 0 0 0 0 0 2097152
301460945 0 0 0 0 0 0 2097152
301464145 0 0 0 0 0 0 2097152
301467345 0 0 0 0 0 0 2097152
301470545 0 1 0 0 0 0 2097152
301473745 0 0 0 0 0 0 2097152
301476945 0 0 0 0 0 0 2097152
301480145 0 1 0 0 0 0 2097152
301483345 0 1 0 0 0 0 2097152
301486545 0 1 0 0 0 0 2097152
301489745 0 0 0 0 0 0 2097152
301492945 0 1 0 0 0 0 2097152
301496145 0 1 0 0 0 0 2097152
301499345 0 0 0 0 0 0 2097152
301502545 0 1 0 0 0 0 2097152
301505745 0 0 0 0 0 0 2097152
301508945 0 1 0 0 0 0 2097152
301512145 0 0 0 0 0 0 2097152
301515345 0 0 0 0 0 0 2097152
301518545 0 1 0 0 0 0 2097152
301521745 0 1 0 0 0 0 2097152
301524945 0 0 0 0 0 0 2097152
301528145 0 0 0 0 0 0 2097152
301531345 0 1 0 0 0 0 2097152
301534545 0 1 0 0 0 0 2097152
301537745 0 0 0 0 0 0 2097152
301540945 0 1 0 0 0 0 2097152
301544145 0 0 0 0 0 0 2097152
301547345 0 1 0 0 0 0 2097152
301550545 0 0 0 0 0 0 2097152
301553745 0 1 0 0 0 0 2097152
301556945 0 1 0 0 0 0 2097152
313454545 0 0 0 0 0 0 2097152
313457745 0 0 0 0 0 0 2097152
313460945 0 0 0 0 0 0 2097152
313464145 0 0 0 0 0 0 2097152
313467345 0 0 0 0 0 0 2097152
313470545 0 0 0 0 0 0 2097152
313473745 0 0 0 0 0 0 2097152
313476945 0 0 0 0 0 0 2097152
313480145 0 1 0 0 0 0 2097152
313483345 0 1 0 0 0 0 2097152
313486545 0 1 0 0 0 0 2097152
313489745 0 0 0 0 0 0 2097152
313492945 0 1 0 0 0 0 2097152
313496145 0 1 0 0 0 0 2097152
313499345 0 0 0 0 0 0 2097152
313502545 0 1 0 0 0 0 2097152
313505745 0 0 0 0 0 0 2097152
313508945 0 1 0 0 0 0 2097152
313512145 0 0 0 0 0 0 2097152
313515345 0 0 0 0 0 0 2097152
313518545 0 1 0 0 0 0 2097152
313521745 0 1 0 0 0 0 2097152
313524945 0 0 0 0 0 0 2097152
313528145 0 0 0 0 0 0 2097152
313531345 0 0 0 0 0 0 2097152
313534545 0 0 0 0 0 0 2097152
313537745 0 0 0 0 0 0 2097152
313540945 0 0 0 0 0 0 2097152
313544145 0 0 0 0 0 0 2097152
313547345 0 0 0 0 0 0 2097152
313550545 0 0 0 0 0 0 2097152
313553745 0 1 0 0 0 0 2097152
313556945 0 1 0 0 0 0 2097152
324181818 0 0 0 0 0 0 2097152
324185018 0 0 0 0 0 0 2097152
324188218 0 0 0 0 0 0 2097152
324191418 0 0 0 0 0 0 2097152
324194618 0 0 0 0 0 0 2097152
324197818 0 1 0 0 0 0 2097152
324201018 0 0 0 0 0 0 2097152
324204218 0 0 0 0 0 0 2097152
324207418 0 1 0 0 0 0 2097152
324210618 0 1 0 0 0 0 2097152
324213818 0 1 0 0 0 0 2097152
324217018 0 0 0 0 0 0 2097152
324220218 0 0 0 0 0 0 2097152
324223418 0 0 0 0 0 0 2097152
324226618 0 0 0 0 0 0 2097152
324229818 0 1 0 0 0 0 2097152
324233018 0 0 0 0 0 0 2097152
324236218 0 1 0 0 0 0 2097152
324239418 0 0 0 0 0 0 2097152
324242618 0 0 0 0 0 0 2097152
324245818 0 1 0 0 0 0 2097152
324249018 0 1 0 0 0 0 2097152
324252218 0 0 0 0 0 0 2097152
324255418 0 0 0 0 0 0 2097152
324258618 0 1 0 0 0 0 2097152
324261818 0 1 0 0 0 0 2097152
324265018 0 0 0 0 0 0 2097152
324268218 0 1 0 0 0 0 2097152
324271418 0 0 0 0 0 0 2097152
324274618 0 1 0 0 0 0 2097152
324277818 0 0 0 0 0 0 2097152
324281018 0 1 0 0 0 0 2097152
324284218 0 1 0 0 0 0 2097152
336181818 0 0 0 0 0 0 2097152
336185018 0 0 0 0 0 0 2097152
336188218 0 0 0 0 0 0 2097152
336191418 0 0 0 0 0 0 2097152
336194618 0 0 0 0 0 0 2097152
336197818 0 0 0 0 0 0 2097152
336201018 0 0 0 0 0 0 2097152
336204218 0 0 0 0 0 0 2097152
336207418 0 1 0 0 0 0 2097152
336210618 0 1 0 0 0 0 2097152
336213818 0 1 0 0 0 0 2097152
336217018 0 0 0 0 0 0 2097152
336220218 0 0 0 0 0 0 2097152
336223418 0 0 0 0 0 0 2097152
336226618 0 0 0 0 0 0 2097152
336229818 0 1 0 0 0 0 2097152
336233018 0 0 0 0 0 0 2097152
336236218 0 1 0 0 0 0 2097152
336239418 0 0 0 0 0 0 2097152
336242618 0 0 0 0 0 0 2097152
336245818 0 1 0 0 0 0 2097152
336249018 0 1 0 0 0 0 2097152
336252218 0 0 0 0 0 0 2097152
336255418 0 0 0 0 0 0 2097152
336258618 0 0 0 0 0 0 2097152
336261818 0 0 0 0 0 0 2097152
336265018 0 0 0 0 0 0 2097152
336268218 0 0 0 0 0 0 2097152
336271418 0 0 0 0 0 0 2097152
336274618 0 0 0 0 0 0 2097152
336277818 0 0 0 0 0 0 2097152
336281018 0 1 0 0 0 0 2097152
336284218 0 1 0 0 0 0 2097152
346909091 0 0 0 0 0 0 2097152
346912291 0 0 0 0 0 0 2097152
346915491 0 0 0 0 0 0 2097152
346918691 0 0 0 0 0 0 2097152
346921891 0 0 0 0 0 0 2097152
346925091 0 1 0 0 0 0 2097152
346928291 0 0 0 0 0 0 2097152
346931491 0 0 0 0 0 0 2097152
346934691 0 1 0 0 0 0 2097152
346937891 0 1 0 0 0 0 2097152
346941091 0 1 0 0 0 0 2097152
346944291 0 0 0 0 0 0 2097152
346947491 0 0 0 0 0 0 2097152
346950691 0 1 0 0 0 0 2097152
346953891 0 1 0 0 0 0 2097152
346957091 0 0 0 0 0 0 2097152
346960291 0 0 0 0 0 0 2097152
346963491 0 1 0 0 0 0 2097152
346966691 0 0 0 0 0 0 2097152
346969891 0 0 0 0 0 0 2097152
346973091 0 1 0 0 0 0 2097152
346976291 0 1 0 0 0 0 2097152
346979491 0 0 0 0 0 0 2097152
346982691 0 0 0 0 0 0 2097152
346985891 0 1 0 0 0 0 2097152
346989091 0 1 0 0 0 0 2097152
346992291 0 0 0 0 0 0 2097152
346995491 0 1 0 0 0 0 2097152
346998691 0 0 0 0 0 0 2097152
347001891 0 1 0 0 0 0 2097152
347005091 0 0 0 0 0 0 2097152
347008291 0 1 0 0 0 0 2097152
347011491 0 1 0 0 0 0 2097152
358909091 0 0 0 0 0 0 2097152
358912291 0 0 0 0 0 0 2097152
358915491 0 0 0 0 0 0 2097152
358918691 0 0 0 0 0 0 2097152
358921891 0 0 0 0 0 0 2097152
358925091 0 0 0 0 0 0 2097152
358928291 0 0 0 0 0 0 2097152
358931491 0 0 0 0 0 0 2097152
358934691 0 1 0 0 0 0 2097152
358937891 0 1 0 0 0 0 2097152
358941091 0 1 0 0 0 0 2097152
358944291 0 0 0 0 0 0 2097152
358947491 0 0 0 0 0 0 2097152
358950691 0 1 0 0 0 0 2097152
358953891 0 1 0 0 0 0 2097152
358957091 0 0 0 0 0 0 2097152
358960291 0 0 0 0 0 0 2097152
358963491 0 1 0 0 0 0 2097152
358966691 0 0 0 0 0 0 2097152
358969891 0 0 0 0 0 0 2097152
358973091 0 1 0 0 0 0 2097152
358976291 0 1 0 0 0 0 2097152
358979491 0 0 0 0 0 0 2097152
358982691 0 0 0 0 0 0 2097152
358985891 0 0 0 0 0 0 2097152
358989091 0 0 0 0 0 0 2097152
358992291 0 0 0 0 0 0 2097152
358995491 0 0 0 0 0 0 2097152
358998691 0 0 0 0 0 0 2097152
359001891 0 0 0 0 0 0 2097152
359005091 0 0 0 0 0 0 2097152
359008291 0 1 0 0 0 0 2097152
359011491 0 1 0 0 0 0 2097152
359014691 0 0 0 0 0 0 2097152
359017891 0 0 0 0 0 0 2097152
359021091 0 0 0 0 0 0 2097152
359024291 0 0 0 0 0 0 2097152
359027491 0 0 0 0 0 0 2097152
359030691 0 1 0 0 0 0 2097152
359033891 0 0 0 0 0 0 2097152
359037091 0 0 0 0 0 0 2097152
359040291 0 1 0 0 0 0 2097152
359043491 0 1 0 0 0 0 2097152
359046691 0 1 0 0 0 0 2097152
359049891 0 0 0 0 0 0 2097152
359053091 0 0 0 0 0 0 2097152
359056291 0 1 0 0 0 0 2097152
359059491 0 0 0 0 0 0 2097152
359062691 0 0 0 0 0 0 2097152
359065891 0 1 0 0 0 0 2097152
359069091 0 1 0 0 0 0 2097152
359072291 0 0 0 0 0 0 2097152
359075491 0 0 0 0 0 0 2097152
359078691 0 1 0 0 0 0 2097152
359081891 0 1 0 0 0 0 2097152
359085091 0 0 0 0 0 0 2097152
359088291 0 0 0 0 0 0 2097152
359091491 0 1 0 0 0 0 2097152
359094691 0 1 0 0 0 0 2097152
359097891 0 1 0 0 0 0 2097152
359101091 0 1 0 0 0 0 2097152
359104291 0 1 0 0 0 0 2097152
359107491 0 0 0 0 0 0 2097152
359110691 0 0 0 0 0 0 2097152
359113891 0 1 0 0 0 0 2097152
359117091 0 1 0 0 0 0 2097152
363909091 0 0 0 0 0 0 2097152
363912291 0 0 0 0 0 0 2097152
363915491 0 0 0 0 0 0 2097152
363918691 0 0 0 0 0 0 2097152
363921891 0 0 0 0 0 0 2097152
363925091 0 0 0 0 0 0 2097152
363928291 0 0 0 0 0 0 2097152
363931491 0 0 0 0 0 0 2097152
363934691 0 1 0 0 0 0 2097152
363937891 0 1 0 0 0 0 2097152
363941091 0 1 0 0 0 0 2097152
363944291 0 0 0 0 0 0 2097152
363947491 0 0 0 0 0 0 2097152
363950691 0 1 0 0 0 0 2097152
363953891 0 0 0 0 0 0 2097152
363957091 0 0 0 0 0 0 2097152
363960291 0 1 0 0 0 0 2097152
363963491 0 1 0 0 0 0 2097152
363966691 0 0 0 0 0 0 2097152
363969891 0 0 0 0 0 0 2097152
363973091 0 1 0 0 0 0 2097152
363976291 0 1 0 0 0 0 2097152
363979491 0 0 0 0 0 0 2097152
363982691 0 0 0 0 0 0 2097152
363985891 0 0 0 0 0 0 2097152
363989091 0 0 0 0 0 0 2097152
363992291 0 0 0 0 0 0 2097152
363995491 0 0 0 0 0 0 2097152
363998691 0 0 0 0 0 0 2097152
364001891 0 0 0 0 0 0 2097152
364005091 0 0 0 0 0 0 2097152
364008291 0 1 0 0 0 0 2097152
364011491 0 1 0 0 0 0 2097152
369636364 0 0 0 0 0 0 2097152
369639564 0 0 0 0 0 0 2097152
369642764 0 0 0 0 0 0 2097152
369645964 0 0 0 0 0 0 2097152
369649164 0 0 0 0 0 0 2097152
369652364 0 1 0 0 0 0 2097152
369655564 0 0 0 0 0 0 2097152
369658764 0 0 0 0 0 0 2097152
369661964 0 1 0 0 0 0 2097152
369665164 0 1 0 0 0 0 2097152
369668364 0 1 0 0 0 0 2097152
369671564 0 0 0 0 0 0 2097152
369674764 0 0 0 0 0 0 2097152
369677964 0 0 0 0 0 0 2097152
369681164 0 0 0 0 0 0 2097152
369684364 0 1 0 0 0 0 2097152
369687564 0 0 0 0 0 0 2097152
369690764 0 1 0 0 0 0 2097152
369693964 0 0 0 0 0 0 2097152
369697164 0 0 0 0 0 0 2097152
369700364 0 1 0 0 0 0 2097152
369703564 0 1 0 0 0 0 2097152
369706764 0 0 0 0 0 0 2097152
369709964 0 0 0 0 0 0 2097152
369713164 0 0 0 0 0 0 2097152
369716364 0 1 0 0 0 0 2097152
369719564 0 1 0 0 0 0 2097152
369722764 0 0 0 0 0 0 2097152
369725964 0 1 0 0 0 0 2097152
369729164 0 1 0 0 0 0 2097152
369732364 0 0 0 0 0 0 2097152
369735564 0 1 0 0 0 0 2097152
369738764 0 1 0 0 0 0 2097152
381636364 0 0 0 0 0 0 2097152
381639564 0 0 0 0 0 0 2097152
381642764 0 0 0 0 0 0 2097152
381645964 0 0 0 0 0 0 2097152
381649164 0 0 0 0 0 0 2097152
381652364 0 0 0 0 0 0 2097152
381655564 0 0 0 0 0 0 2097152
381658764 0 0 0 0 0 0 2097152
381661964 0 1 0 0 0 0 2097152
381665164 0 1 0 0 0 0 2097152
381668364 0 1 0 0 0 0 2097152
381671564 0 0 0 0 0 0 2097152
381674764 0 0 0 0 0 0 2097152
381677964 0 0 0 0 0 0 2097152
381681164 0 0 0 0 0 0 2097152
381684364 0 1 0 0 0 0 2097152
381687564 0 0 0 0 0 0 2097152
381690764 0 1 0 0 0 0 2097152
381693964 0 0 0 0 0 0 2097152
381697164 0 0 0 0 0 0 2097152
381700364 0 1 0 0 0 0 2097152
381703564 0 1 0 0 0 0 2097152
381706764 0 0 0 0 0 0 2097152
381709964 0 0 0 0 0 0 2097152
381713164 0 0 0 0 0 0 2097152
381716364 0 0 0 0 0 0 2097152
381719564 0 0 0 0 0 0 2097152
381722764 0 0 0 0 0 0 2097152
381725964 0 0 0 0 0 0 2097152
381729164 0 0 0 0 0 0 2097152
381732364 0 0 0 0 0 0 2097152
381735564 0 1 0 0 0 0 2097152
381738764 0 1 0 0 0 0 2097152
392363636 0 0 0 0 0 0 2097152
392366836 0 0 0 0 0 0 2097152
392370036 0 0 0 0 0 0 2097152
392373236 0 0 0 0 0 0 2097152
392376436 0 0 0 0 0 0 2097152
392379636 0 1 0 0 0 0 2097152
392382836 0 0 0 0 0 0 2097152
392386036 0 0 0 0 0 0 2097152
392389236 0 1 0 0 0 0 2097152
392392436 0 1 0 0 0 0 2097152
392395636 0 1 0 0 0 0 2097152
392398836 0 0 0 0 0 0 2097152
392402036 0 1 0 0 0 0 2097152
392405236 0 1 0 0 0 0 2097152
392408436 0 0 0 0 0 0 2097152
392411636 0 1 0 0 0 0 2097152
392414836 0 0 0 0 0 0 2097152
392418036 0 1 0 0 0 0 2097152
392421236 0 0 0 0 0 0 2097152
392424436 0 0 0 0 0 0 2097152
392427636 0 1 0 0 0 0 2097152
392430836 0 1 0 0 0 0 2097152
392434036 0 0 0 0 0 0 2097152
392437236 0 0 0 0 0 0 2097152
392440436 0 1 0 0 0 0 2097152
392443636 0 1 0 0 0 0 2097152
392446836 0 0 0 0 0 0 2097152
392450036 0 1 0 0 0 0 2097152
392453236 0 0 0 0 0 0 2097152
392456436 0 1 0 0 0 0 2097152
392459636 0 0 0 0 0 0 2097152
392462836 0 1 0 0 0 0 2097152
392466036 0 1 0 0 0 0 2097152
404363636 0 0 0 0 0 0 2097152
404366836 0 0 0 0 0 0 2097152
404370036 0 0 0 0 0 0 2097152
404373236 0 0 0 0 0 0 2097152
404376436 0 0 0 0 0 0 2097152
404379636 0 0 0 0 0 0 2097152
404382836 0 0 0 0 0 0 2097152
404386036 0 0 0 0 0 0 2097152
404389236 0 1 0 0 0 0 2097152
404392436 0 1 0 0 0 0 2097152
404395636 0 1 0 0 0 0 2097152
404398836 0 0 0 0 0 0 2097152
404402036 0 1 0 0 0 0 2097152
404405236 0 1 0 0 0 0 2097152
404408436 0 0 0 0 0 0 2097152
404411636 0 1 0 0 0 0 2097152
404414836 0 0 0 0 0 0 2097152
404418036 0 1 0 0 0 0 2097152
404421236 0 0 0 0 0 0 2097152
404424436 0 0 0 0 0 0 2097152
404427636 0 1 0 0 0 0 2097152
404430836 0 1 0 0 0 0 2097152
404434036 0 0 0 0 0 0 2097152
404437236 0 0 0 0 0 0 2097152
404440436 0 0 0 0 0 0 2097152
404443636 0 0 0 0 0 0 2097152
404446836 0 0 0 0 0 0 2097152
404450036 0 0 0 0 0 0 2097152
404453236 0 0 0 0 0 0 2097152
404456436 0 0 0 0 0 0 2097152
404459636 0 0 0 0 0 0 2097152
404462836 0 1 0 0 0 0 2097152
404466036 0 1 0 0 0 0 2097152
415090909 0 0 0 0 0 0 2097152
415094109 0 0 0 0 0 0 2097152
415097309 0 0 0 0 0 0 2097152
415100509 0 0 0 0 0 0 2097152
415103709 0 0 0 0 0 0 2097152
415106909 0 1 0 0 0 0 2097152
415110109 0 0 0 0 0 0 2097152
415113309 0 0 0 0 0 0 2097152
415116509 0 1 0 0 0 0 2097152
415119709 0 1 0 0 0 0 2097152
415122909 0 1 0 0 0 0 2097152
415126109 0 0 0 0 0 0 2097152
415129309 0 1 0 0 0 0 2097152
415132509 0 1 0 0 0 0 2097152
415135709 0 1 0 0 0 0 2097152
415138909 0 1 0 0 0 0 2097152
415142109 0 0 0 0 0 0 2097152
415145309 0 1 0 0 0 0 2097152
415148509 0 0 0 0 0 0 2097152
415151709 0 0 0 0 0 0 2097152
415154909 0 1 0 0 0 0 2097152
415158109 0 1 0 0 0 0 2097152
415161309 0 0 0 0 0 0 2097152
415164509 0 0 0 0 0 0 2097152
415167709 0 1 0 0 0 0 2097152
415170909 0 1 0 0 0 0 2097152
415174109 0 0 0 0 0 0 2097152
415177309 0 1 0 0 0 0 2097152
415180509 0 0 0 0 0 0 2097152
415183709 0 1 0 0 0 0 2097152
415186909 0 0 0 0 0 0 2097152
415190109 0 1 0 0 0 0 2097152
415193309 0 1 0 0 0 0 2097152
427090909 0 0 0 0 0 0 2097152
427094109 0 0 0 0 0 0 2097152
427097309 0 0 0 0 0 0 2097152
427100509 0 0 0 0 0 0 2097152
427103709 0 0 0 0 0 0 2097152
427106909 0 0 0 0 0 0 2097152
427110109 0 0 0 0 0 0 2097152
427113309 0 0 0 0 0 0 2097152
427116509 0 1 0 0 0 0 2097152
427119709 0 1 0 0 0 0 2097152
427122909 0 1 0 0 0 0 2097152
427126109 0 0 0 0 0 0 2097152
427129309 0 1 0 0 0 0 2097152
427132509 0 1 0 0 0 0 2097152
427135709 0 1 0 0 0 0 2097152
427138909 0 1 0 0 0 0 2097152
427142109 0 0 0 0 0 0 2097152
427145309 0 1 0 0 0 0 2097152
427148509 0 0 0 0 0 0 2097152
427151709 0 0 0 0 0 0 2097152
427154909 0 1 0 0 0 0 2097152
427158109 0 1 0 0 0 0 2097152
427161309 0 0 0 0 0 0 2097152
427164509 0 0 0 0 0 0 2097152
427167709 0 0 0 0 0 0 2097152
427170909 0 0 0 0 0 0 2097152
427174109 0 0 0 0 0 0 2097152
427177309 0 0 0 0 0 0 2097152
427180509 0 0 0 0 0 0 2097152
427183709 0 0 0 0 0 0 2097152
427186909 0 0 0 0 0 0 2097152
427190109 0 1 0 0 0 0 2097152
427193309 0 1 0 0 0 0 2097152
437818182 0 0 0 0 0 0 2097152
437821382 0 0 0 0 0 0 2097152
437824582 0 0 0 0 0 0 2097152
437827782 0 0 0 0 0 0 2097152
437830982 0 0 0 0 0 0 2097152
437834182 0 1 0 0 0 0 2097152
437837382 0 0 0 0 0 0 2097152
437840582 0 0 0 0 0 0 2097152
437843782 0 1 0 0 0 0 2097152
437846982 0 1 0 0 0 0 2097152
437850182 0 1 0 0 0 0 2097152
437853382 0 0 0 0 0 0 2097152
437856582 0 1 0 0 0 0 2097152
437859782 0 0 0 0 0 0 2097152
437862982 0 1 0 0 0 0 2097152
437866182 0 1 0 0 0 0 2097152
437869382 0 0 0 0 0 0 2097152
437872582 0 1 0 0 0 0 2097152
437875782 0 0 0 0 0 0 2097152
437878982 0 0 0 0 0 0 2097152
437882182 0 1 0 0 0 0 2097152
437885382 0 1 0 0 0 0 2097152
437888582 0 0 0 0 0 0 2097152
437891782 0 0 0 0 0 0 2097152
437894982 0 1 0 0 0 0 2097152
437898182 0 1 0 0 0 0 2097152
437901382 0 0 0 0 0 0 2097152
437904582 0 1 0 0 0 0 2097152
437907782 0 0 0 0 0 0 2097152
437910982 0 1 0 0 0 0 2097152
437914182 0 0 0 0 0 0 2097152
437917382 0 1 0 0 0 0 2097152
437920582 0 1 0 0 0 0 2097152
449818182 0 0 0 0 0 0 2097152
449821382 0 0 0 0 0 0 2097152
449824582 0 0 0 0 0 0 2097152
449827782 0 0 0 0 0 0 2097152
449830982 0 0 0 0 0 0 2097152
449834182 0 0 0 0 0 0 2097152
449837382 0 0 0 0 0 0 2097152
449840582 0 0 0 0 0 0 2097152
449843782 0 1 0 0 0 0 2097152
449846982 0 1 0 0 0 0 2097152
449850182 0 1 0 0 0 0 2097152
449853382 0 0 0 0 0 0 2097152
449856582 0 1 0 0 0 0 2097152
449859782 0 0 0 0 0 0 2097152
449862982 0 1 0 0 0 0 2097152
449866182 0 1 0 0 0 0 2097152
449869382 0 0 0 0 0 0 2097152
449872582 0 1 0 0 0 0 2097152
449875782 0 0 0 0 0 0 2097152
449878982 0 0 0 0 0 0 2097152
449882182 0 1 0 0 0 0 2097152
449885382 0 1 0 0 0 0 2097152
449888582 0 0 0 0 0 0 2097152
449891782 0 0 0 0 0 0 2097152
449894982 0 0 0 0 0 0 2097152
449898182 0 0 0 0 0 0 2097152
449901382 0 0 0 0 0 0 2097152
449904582 0 0 0 0 0 0 2097152
449907782 0 0 0 0 0 0 2097152
449910982 0 0 0 0 0 0 2097152
449914182 0 0 0 0 0 0 2097152
449917382 0 1 0 0 0 0 2097152
449920582 0 1 0 0 0 0 2097152
449923782 0 0 0 0 0 0 2097152
449926982 0 0 0 0 0 0 2097152
449930182 0 0 0 0 0 0 2097152
449933382 0 0 0 0 0 0 2097152
449936582 0 0 0 0 0 0 2097152
449939782 0 1 0 0 0 0 2097152
449942982 0 0 0 0 0 0 2097152
449946182 0 0 0 0 0 0 2097152
449949382 0 1 0 0 0 0 2097152
449952582 0 1 0 0 0 0 2097152
449955782 0 1 0 0 0 0 2097152
449958982 0 0 0 0 0 0 2097152
449962182 0 1 0 0 0 0 2097152
449965382 0 0 0 0 0 0 2097152
449968582 0 0 0 0 0 0 2097152
449971782 0 1 0 0 0 0 2097152
449974982 0 1 0 0 0 0 2097152
449978182 0 1 0 0 0 0 2097152
449981382 0 0 0 0 0 0 2097152
449984582 0 0 0 0 0 0 2097152
449987782 0 1 0 0 0 0 2097152
449990982 0 1 0 0 0 0 2097152
449994182 0 0 0 0 0 0 2097152
449997382 0 0 0 0 0 0 2097152
450000582 0 1 0 0 0 0 2097152
450003782 0 1 0 0 0 0 2097152
450006982 0 1 0 0 0 0 2097152
450010182 0 1 0 0 0 0 2097152
450013382 0 1 0 0 0 0 2097152
450016582 0 0 0 0 0 0 2097152
450019782 0 0 0 0 0 0 2097152
450022982 0 1 0 0 0 0 2097152
450026182 0 1 0 0 0 0 2097152
454818182 0 0 0 0 0 0 2097152
454821382 0 0 0 0 0 0 2097152
454824582 0 0 0 0 0 0 2097152
454827782 0 0 0 0 0 0 2097152
454830982 0 0 0 0 0 0 2097152
454834182 0 0 0 0 0 0 2097152
454837382 0 0 0 0 0 0 2097152
454840582 0 0 0 0 0 0 2097152
454843782 0 1 0 0 0 0 2097152
454846982 0 1 0 0 0 0 2097152
454850182 0 1 0 0 0 0 2097152
454853382 0 0 0 0 0 0 2097152
454856582 0 1 0 0 0 0 2097152
454859782 0 0 0 0 0 0 2097152
454862982 0 0 0 0 0 0 2097152
454866182 0 1 0 0 0 0 2097152
454869382 0 1 0 0 0 0 2097152
454872582 0 1 0 0 0 0 2097152
454875782 0 0 0 0 0 0 2097152
454878982 0 0 0 0 0 0 2097152
454882182 0 1 0 0 0 0 2097152
454885382 0 1 0 0 0 0 2097152
454888582 0 0 0 0 0 0 2097152
454891782 0 0 0 0 0 0 2097152
454894982 0 0 0 0 0 0 2097152
454898182 0 0 0 0 0 0 2097152
454901382 0 0 0 0 0 0 2097152
454904582 0 0 0 0 0 0 2097152
454907782 0 0 0 0 0 0 2097152
454910982 0 0 0 0 0 0 2097152
454914182 0 0 0 0 0 0 2097152
454917382 0 1 0 0 0 0 2097152
454920582 0 1 0 0 0 0 2097152
460545455 0 0 0 0 0 0 2097152
460548655 0 0 0 0 0 0 2097152
460551855 0 0 0 0 0 0 2097152
460555055 0 0 0 0 0 0 2097152
460558255 0 0 0 0 0 0 2097152
460561455 0 1 0 0 0 0 2097152
460564655 0 0 0 0 0 0 2097152
460567855 0 0 0 0 0 0 2097152
460571055 0 1 0 0 0 0 2097152
460574255 0 1 0 0 0 0 2097152
460577455 0 1 0 0 0 0 2097152
460580655 0 0 0 0 0 0 2097152
460583855 0 1 0 0 0 0 2097152
460587055 0 1 0 0 0 0 2097152
460590255 0 0 0 0 0 0 2097152
460593455 0 1 0 0 0 0 2097152
460596655 0 0 0 0 0 0 2097152
460599855 0 1 0 0 0 0 2097152
460603055 0 0 0 0 0 0 2097152
460606255 0 0 0 0 0 0 2097152
460609455 0 1 0 0 0 0 2097152
460612655 0 1 0 0 0 0 2097152
460615855 0 0 0 0 0 0 2097152
460619055 0 0 0 0 0 0 2097152
460622255 0 0 0 0 0 0 2097152
460625455 0 1 0 0 0 0 2097152
460628655 0 1 0 0 0 0 2097152
460631855 0 0 0 0 0 0 2097152
460635055 0 1 0 0 0 0 2097152
460638255 0 1 0 0 0 0 2097152
460641455 0 0 0 0 0 0 2097152
460644655 0 1 0 0 0 0 2097152
460647855 0 1 0 0 0 0 2097152
472545455 0 0 0 0 0 0 2097152
472548655 0 0 0 0 0 0 2097152
472551855 0 0 0 0 0 0 2097152
472555055 0 0 0 0 0 0 2097152
472558255 0 0 0 0 0 0 2097152
472561455 0 0 0 0 0 0 2097152
472564655 0 0 0 0 0 0 2097152
472567855 0 0 0 0 0 0 2097152
472571055 0 1 0 0 0 0 2097152
472574255 0 1 0 0 0 0 2097152
472577455 0 1 0 0 0 0 2097152
472580655 0 0 0 0 0 0 2097152
472583855 0 1 0 0 0 0 2097152
472587055 0 1 0 0 0 0 2097152
472590255 0 0 0 0 0 0 2097152
472593455 0 1 0 0 0 0 2097152
472596655 0 0 0 0 0 0 2097152
472599855 0 1 0 0 0 0 2097152
472603055 0 0 0 0 0 0 2097152
472606255 0 0 0 0 0 0 2097152
472609455 0 1 0 0 0 0 2097152
472612655 0 1 0 0 0 0 2097152
472615855 0 0 0 0 0 0 2097152
472619055 0 0 0 0 0 0 2097152
472622255 0 0 0 0 0 0 2097152
472625455 0 0 0 0 0 0 2097152
472628655 0 0 0 0 0 0 2097152
472631855 0 0 0 0 0 0 2097152
472635055 0 0 0 0 0 0 2097152
472638255 0 0 0 0 0 0 2097152
472641455 0 0 0 0 0 0 2097152
472644655 0 1 0 0 0 0 2097152
472647855 0 1 0 0 0 0 2097152
483272727 0 0 0 0 0 0 2097152
483275927 0 0 0 0 0 0 2097152
483279127 0 0 0 0 0 0 2097152
483282327 0 0 0 0 0 0 2097152
483285527 0 0 0 0 0 0 2097152
483288727 0 1 0 0 0 0 2097152
483291927 0 0 0 0 0 0 2097152
483295127 0 0 0 0 0 0 2097152
483298327 0 1 0 0 0 0 2097152
483301527 0 1 0 0 0 0 2097152
483304727 0 1 0 0 0 0 2097152
483307927 0 0 0 0 0 0 2097152
483311127 0 0 0 0 0 0 2097152
483314327 0 0 0 0 0 0 2097152
483317527 0 0 0 0 0 0 2097152
483320727 0 1 0 0 0 0 2097152
483323927 0 0 0 0 0 0 2097152
483327127 0 1 0 0 0 0 2097152
483330327 0 0 0 0 0 0 2097152
483333527 0 0 0 0 0 0 2097152
483336727 0 1 0 0 0 0 2097152
483339927 0 1 0 0 0 0 2097152
483343127 0 0 0 0 0 0 2097152
483346327 0 0 0 0 0 0 2097152
483349527 0 1 0 0 0 0 2097152
483352727 0 1 0 0 0 0 2097152
483355927 0 0 0 0 0 0 2097152
483359127 0 1 0 0 0 0 2097152
483362327 0 0 0 0 0 0 2097152
483365527 0 1 0 0 0 0 2097152
483368727 0 0 0 0 0 0 2097152
483371927 0 1 0 0 0 0 2097152
483375127 0 1 0 0 0 0 2097152
495272727 0 0 0 0 0 0 2097152
495275927 0 0 0 0 0 0 2097152
495279127 0 0 0 0 0 0 2097152
495282327 0 0 0 0 0 0 2097152
495285527 0 0 0 0 0 0 2097152
495288727 0 0 0 0 0 0 2097152
495291927 0 0 0 0 0 0 2097152
495295127 0 0 0 0 0 0 2097152
495298327 0 1 0 0 0 0 2097152
495301527 0 1 0 0 0 0 2097152
495304727 0 1 0 0 0 0 2097152
495307927 0 0 0 0 0 0 2097152
495311127 0 0 0 0 0 0 2097152
495314327 0 0 0 0 0 0 2097152
495317527 0 0 0 0 0 0 2097152
495320727 0 1 0 0 0 0 2097152
495323927 0 0 0 0 0 0 2097152
495327127 0 1 0 0 0 0 2097152
495330327 0 0 0 0 0 0 2097152
495333527 0 0 0 0 0 0 2097152
495336727 0 1 0 0 0 0 2097152
495339927 0 1 0 0 0 0 2097152
495343127 0 0 0 0 0 0 2097152
495346327 0 0 0 0 0 0 2097152
495349527 0 0 0 0 0 0 2097152
495352727 0 0 0 0 0 0 2097152
495355927 0 0 0 0 0 0 2097152
495359127 0 0 0 0 0 0 2097152
495362327 0 0 0 0 0 0 2097152
495365527 0 0 0 0 0 0 2097152
495368727 0 0 0 0 0 0 2097152
495371927 0 1 0 0 0 0 2097152
495375127 0 1 0 0 0 0 2097152
502000000 0 1 2 1 0 0 2097152
502000002 0 1 2 0 0 0 2097152
503000000 0 1 2 0 1 3 838861
503000002 0 1 2 0 0 3 838861
503200000 0 1 2 0 1 0 2348810
503200002 0 1 2 0 0 0 2348810
508000000 0 0 2 0 0 0 2348810
508003200 0 0 2 0 0 0 2348810
508006400 0 0 2 0 0 0 2348810
508009600 0 0 2 0 0 0 2348810
508012800 0 0 2 0 0 0 2348810
508016000 0 1 2 0 0 0 2348810
508019200 0 0 2 0 0 0 2348810
508022400 0 0 2 0 0 0 2348810
508025600 0 1 2 0 0 0 2348810
508028800 0 1 2 0 0 0 2348810
508032000 0 1 2 0 0 0 2348810
508035200 0 0 2 0 0 0 2348810
508038400 0 0 2 0 0 0 2348810
508041600 0 0 2 0 0 0 2348810
508044800 0 1 2 0 0 0 2348810
508048000 0 0 2 0 0 0 2348810
508051200 0 1 2 0 0 0 2348810
508054400 0 1 2 0 0 0 2348810
508057600 0 0 2 0 0 0 2348810
508060800 0 0 2 0 0 0 2348810
508064000 0 1 2 0 0 0 2348810
508067200 0 1 2 0 0 0 2348810
508070400 0 0 2 0 0 0 2348810
508073600 0 0 2 0 0 0 2348810
508076800 0 0 2 0 0 0 2348810
508080000 0 1 2 0 0 0 2348810
508083200 0 0 2 0 0 0 2348810
508086400 0 1 2 0 0 0 2348810
508089600 0 0 2 0 0 0 2348810
508092800 0 1 2 0 0 0 2348810
508096000 0 0 2 0 0 0 2348810
508099200 0 1 2 0 0 0 2348810
508102400 0 1 2 0 0 0 2348810
542000000 0 0 2 0 0 0 2348810
542003200 0 0 2 0 0 0 2348810
542006400 0 0 2 0 0 0 2348810
542009600 0 0 2 0 0 0 2348810
542012800 0 0 2 0 0 0 2348810
542016000 0 0 2 0 0 0 2348810
542019200 0 0 2 0 0 0 2348810
542022400 0 0 2 0 0 0 2348810
542025600 0 1 2 0 0 0 2348810
542028800 0 1 2 0 0 0 2348810
542032000 0 1 2 0 0 0 2348810
542035200 0 0 2 0 0 0 2348810
542038400 0 0 2 0 0 0 2348810
542041600 0 0 2 0 0 0 2348810
542044800 0 1 2 0 0 0 2348810
542048000 0 0 2 0 0 0 2348810
542051200 0 1 2 0 0 0 2348810
542054400 0 1 2 0 0 0 2348810
542057600 0 0 2 0 0 0 2348810
542060800 0 0 2 0 0 0 2348810
542064000 0 1 2 0 0 0 2348810
542067200 0 1 2 0 0 0 2348810
542070400 0 0 2 0 0 0 2348810
542073600 0 0 2 0 0 0 2348810
542076800 0 0 2 0 0 0 2348810
542080000 0 0 2 0 0 0 2348810
542083200 0 0 2 0 0 0 2348810
542086400 0 0 2 0 0 0 2348810
542089600 0 0 2 0 0 0 2348810
542092800 0 0 2 0 0 0 2348810
542096000 0 0 2 0 0 0 2348810
542099200 0 1 2 0 0 0 2348810
542102400 0 1 2 0 0 0 2348810
552000000 0 0 2 0 0 0 2348810
552003200 0 0 2 0 0 0 2348810
552006400 0 0 2 0 0 0 2348810
552009600 0 0 2 0 0 0 2348810
552012800 0 0 2 0 0 0 2348810
552016000 0 1 2 0 0 0 2348810
552019200 0 0 2 0 0 0 2348810
552022400 0 0 2 0 0 0 2348810
552025600 0 1 2 0 0 0 2348810
552028800 0 1 2 0 0 0 2348810
552032000 0 1 2 0 0 0 2348810
552035200 0 0 2 0 0 0 2348810
552038400 0 1 2 0 0 0 2348810
552041600 0 1 2 0 0 0 2348810
552044800 0 1 2 0 0 0 2348810
552048000 0 0 2 0 0 0 2348810
552051200 0 1 2 0 0 0 2348810
552054400 0 1 2 0 0 0 2348810
552057600 0 0 2 0 0 0 2348810
552060800 0 0 2 0 0 0 2348810
552064000 0 1 2 0 0 0 2348810
552067200 0 1 2 0 0 0 2348810
552070400 0 0 2 0 0 0 2348810
552073600 0 1 2 0 0 0 2348810
552076800 0 0 2 0 0 0 2348810
552080000 0 1 2 0 0 0 2348810
552083200 0 1 2 0 0 0 2348810
552086400 0 1 2 0 0 0 2348810
552089600 0 0 2 0 0 0 2348810
552092800 0 1 2 0 0 0 2348810
552096000 0 0 2 0 0 0 2348810
552099200 0 1 2 0 0 0 2348810
552102400 0 1 2 0 0 0 2348810
586000000 0 0 2 0 0 0 2348810
586003200 0 0 2 0 0 0 2348810
586006400 0 0 2 0 0 0 2348810
586009600 0 0 2 0 0 0 2348810
586012800 0 0 2 0 0 0 2348810
586016000 0 0 2 0 0 0 2348810
586019200 0 0 2 0 0 0 2348810
586022400 0 0 2 0 0 0 2348810
586025600 0 1 2 0 0 0 2348810
586028800 0 1 2 0 0 0 2348810
586032000 0 1 2 0 0 0 2348810
586035200 0 0 2 0 0 0 2348810
586038400 0 1 2 0 0 0 2348810
586041600 0 1 2 0 0 0 2348810
586044800 0 1 2 0 0 0 2348810
586048000 0 0 2 0 0 0 2348810
586051200 0 1 2 0 0 0 2348810
586054400 0 1 2 0 0 0 2348810
586057600 0 0 2 0 0 0 2348810
586060800 0 0 2 0 0 0 2348810
586064000 0 1 2 0 0 0 2348810
586067200 0 1 2 0 0 0 2348810
586070400 0 0 2 0 0 0 2348810
586073600 0 0 2 0 0 0 2348810
586076800 0 0 2 0 0 0 2348810
586080000 0 0 2 0 0 0 2348810
586083200 0 0 2 0 0 0 2348810
586086400 0 0 2 0 0 0 2348810
586089600 0 0 2 0 0 0 2348810
586092800 0 0 2 0 0 0 2348810
586096000 0 0 2 0 0 0 2348810
586099200 0 1 2 0 0 0 2348810
586102400 0 1 2 0 0 0 2348810
586105600 0 0 2 0 0 0 2348810
586108800 0 0 2 0 0 0 2348810
586112000 0 0 2 0 0 0 2348810
586115200 0 0 2 0 0 0 2348810
586118400 0 0 2 0 0 0 2348810
586121600 0 1 2 0 0 0 2348810
586124800 0 0 2 0 0 0 2348810
586128000 0 0 2 0 0 0 2348810
586131200 0 1 2 0 0 0 2348810
586134400 0 1 2 0 0 0 2348810
586137600 0 1 2 0 0 0 2348810
586140800 0 0 2 0 0 0 2348810
586144000 0 1 2 0 0 0 2348810
586147200 0 1 2 0 0 0 2348810
586150400 0 0 2 0 0 0 2348810
586153600 0 1 2 0 0 0 2348810
586156800 0 0 2 0 0 0 2348810
586160000 0 1 2 0 0 0 2348810
586163200 0 0 2 0 0 0 2348810
586166400 0 0 2 0 0 0 2348810
586169600 0 1 2 0 0 0 2348810
586172800 0 1 2 0 0 0 2348810
586176000 0 0 2 0 0 0 2348810
586179200 0 0 2 0 0 0 2348810
586182400 0 0 2 0 0 0 2348810
586185600 0 0 2 0 0 0 2348810
586188800 0 1 2 0 0 0 2348810
586192000 0 0 2 0 0 0 2348810
586195200 0 0 2 0 0 0 2348810
586198400 0 1 2 0 0 0 2348810
586201600 0 0 2 0 0 0 2348810
586204800 0 1 2 0 0 0 2348810
586208000 0 1 2 0 0 0 2348810
588000000 0 0 2 0 0 0 2348810
588003200 0 0 2 0 0 0 2348810
588006400 0 0 2 0 0 0 2348810
588009600 0 0 2 0 0 0 2348810
588012800 0 0 2 0 0 0 2348810
588016000 0 0 2 0 0 0 2348810
588019200 0 0 2 0 0 0 2348810
588022400 0 0 2 0 0 0 2348810
588025600 0 1 2 0 0 0 2348810
588028800 0 1 2 0 0 0 2348810
588032000 0 1 2 0 0 0 2348810
588035200 0 0 2 0 0 0 2348810
588038400 0 1 2 0 0 0 2348810
588041600 0 1 2 0 0 0 2348810
588044800 0 0 2 0 0 0 2348810
588048000 0 1 2 0 0 0 2348810
588051200 0 0 2 0 0 0 2348810
588054400 0 1 2 0 0 0 2348810
588057600 0 0 2 0 0 0 2348810
588060800 0 0 2 0 0 0 2348810
588064000 0 1 2 0 0 0 2348810
588067200 0 1 2 0 0 0 2348810
588070400 0 0 2 0 0 0 2348810
588073600 0 0 2 0 0 0 2348810
588076800 0 0 2 0 0 0 2348810
588080000 0 0 2 0 0 0 2348810
588083200 0 0 2 0 0 0 2348810
588086400 0 0 2 0 0 0 2348810
588089600 0 0 2 0 0 0 2348810
588092800 0 0 2 0 0 0 2348810
588096000 0 0 2 0 0 0 2348810
588099200 0 1 2 0 0 0 2348810
588102400 0 1 2 0 0 0 2348810
596000000 0 0 2 0 0 0 2348810
596003200 0 0 2 0 0 0 2348810
596006400 0 0 2 0 0 0 2348810
596009600 0 0 2 0 0 0 2348810
596012800 0 0 2 0 0 0 2348810
596016000 0 1 2 0 0 0 2348810
596019200 0 0 2 0 0 0 2348810
596022400 0 0 2 0 0 0 2348810
596025600 0 1 2 0 0 0 2348810
596028800 0 1 2 0 0 0 2348810
596032000 0 1 2 0 0 0 2348810
596035200 0 0 2 0 0 0 2348810
596038400 0 1 2 0 0 0 2348810
596041600 0 1 2 0 0 0 2348810
596044800 0 0 2 0 0 0 2348810
596048000 0 1 2 0 0 0 2348810
596051200 0 1 2 0 0 0 2348810
596054400 0 1 2 0 0 0 2348810
596057600 0 0 2 0 0 0 2348810
596060800 0 0 2 0 0 0 2348810
596064000 0 1 2 0 0 0 2348810
596067200 0 1 2 0 0 0 2348810
596070400 0 0 2 0 0 0 2348810
596073600 0 0 2 0 0 0 2348810
596076800 0 1 2 0 0 0 2348810
596080000 0 1 2 0 0 0 2348810
596083200 0 0 2 0 0 0 2348810
596086400 0 0 2 0 0 0 2348810
596089600 0 1 2 0 0 0 2348810
596092800 0 1 2 0 0 0 2348810
596096000 0 0 2 0 0 0 2348810
596099200 0 1 2 0 0 0 2348810
596102400 0 1 2 0 0 0 2348810
630000000 0 0 2 0 0 0 2348810
630003200 0 0 2 0 0 0 2348810
630006400 0 0 2 0 0 0 2348810
630009600 0 0 2 0 0 0 2348810
630012800 0 0 2 0 0 0 2348810
630016000 0 0 2 0 0 0 2348810
630019200 0 0 2 0 0 0 2348810
630022400 0 0 2 0 0 0 2348810
630025600 0 1 2 0 0 0 2348810
630028800 0 1 2 0 0 0 2348810
630032000 0 1 2 0 0 0 2348810
630035200 0 0 2 0 0 0 2348810
630038400 0 1 2 0 0 0 2348810
630041600 0 1 2 0 0 0 2348810
630044800 0 0 2 0 0 0 2348810
630048000 0 1 2 0 0 0 2348810
630051200 0 1 2 0 0 0 2348810
630054400 0 1 2 0 0 0 2348810
630057600 0 0 2 0 0 0 2348810
630060800 0 0 2 0 0 0 2348810
630064000 0 1 2 0 0 0 2348810
630067200 0 1 2 0 0 0 2348810
630070400 0 0 2 0 0 0 2348810
630073600 0 0 2 0 0 0 2348810
630076800 0 0 2 0 0 0 2348810
630080000 0 0 2 0 0 0 2348810
630083200 0 0 2 0 0 0 2348810
630086400 0 0 2 0 0 0 2348810
630089600 0 0 2 0 0 0 2348810
630092800 0 0 2 0 0 0 2348810
630096000 0 0 2 0 0 0 2348810
630099200 0 1 2 0 0 0 2348810
630102400 0 1 2 0 0 0 2348810
640000000 0 0 2 0 0 0 2348810
640003200 0 0 2 0 0 0 2348810
640006400 0 0 2 0 0 0 2348810
640009600 0 0 2 0 0 0 2348810
640012800 0 0 2 0 0 0 2348810
640016000 0 1 2 0 0 0 2348810
640019200 0 0 2 0 0 0 2348810
640022400 0 0 2 0 0 0 2348810
640025600 0 1 2 0 0 0 2348810
640028800 0 1 2 0 0 0 2348810
640032000 0 1 2 0 0 0 2348810
640035200 0 0 2 0 0 0 2348810
640038400 0 0 2 0 0 0 2348810
640041600 0 0 2 0 0 0 2348810
640044800 0 1 2 0 0 0 2348810
640048000 0 0 2 0 0 0 2348810
640051200 0 1 2 0 0 0 2348810
640054400 0 1 2 0 0 0 2348810
640057600 0 0 2 0 0 0 2348810
640060800 0 0 2 0 0 0 2348810
640064000 0 1 2 0 0 0 2348810
640067200 0 1 2 0 0 0 2348810
640070400 0 0 2 0 0 0 2348810
640073600 0 0 2 0 0 0 2348810
640076800 0 0 2 0 0 0 2348810
640080000 0 1 2 0 0 0 2348810
640083200 0 0 2 0 0 0 2348810
640086400 0 1 2 0 0 0 2348810
640089600 0 0 2 0 0 0 2348810
640092800 0 1 2 0 0 0 2348810
640096000 0 0 2 0 0 0 2348810
640099200 0 1 2 0 0 0 2348810
640102400 0 1 2 0 0 0 2348810
674000000 0 0 2 0 0 0 2348810
674003200 0 0 2 0 0 0 2348810
674006400 0 0 2 0 0 0 2348810
674009600 0 0 2 0 0 0 2348810
674012800 0 0 2 0 0 0 2348810
674016000 0 0 2 0 0 0 2348810
674019200 0 0 2 0 0 0 2348810
674022400 0 0 2 0 0 0 2348810
674025600 0 1 2 0 0 0 2348810
674028800 0 1 2 0 0 0 2348810
674032000 0 1 2 0 0 0 2348810
674035200 0 0 2 0 0 0 2348810
674038400 0 0 2 0 0 0 2348810
674041600 0 0 2 0 0 0 2348810
674044800 0 1 2 0 0 0 2348810
674048000 0 0 2 0 0 0 2348810
674051200 0 1 2 0 0 0 2348810
674054400 0 1 2 0 0 0 2348810
674057600 0 0 2 0 0 0 2348810
674060800 0 0 2 0 0 0 2348810
674064000 0 1 2 0 0 0 2348810
674067200 0 1 2 0 0 0 2348810
674070400 0 0 2 0 0 0 2348810
674073600 0 0 2 0 0 0 2348810
674076800 0 0 2 0 0 0 2348810
674080000 0 0 2 0 0 0 2348810
674083200 0 0 2 0 0 0 2348810
674086400 0 0 2 0 0 0 2348810
674089600 0 0 2 0 0 0 2348810
674092800 0 0 2 0 0 0 2348810
674096000 0 0 2 0 0 0 2348810
674099200 0 1 2 0 0 0 2348810
674102400 0 1 2 0 0 0 2348810
674105600 0 0 2 0 0 0 2348810
674108800 0 0 2 0 0 0 2348810
674112000 0 0 2 0 0 0 2348810
674115200 0 0 2 0 0 0 2348810
674118400 0 0 2 0 0 0 2348810
674121600 0 1 2 0 0 0 2348810
674124800 0 0 2 0 0 0 2348810
674128000 0 0 2 0 0 0 2348810
674131200 0 1 2 0 0 0 2348810
674134400 0 1 2 0 0 0 2348810
674137600 0 1 2 0 0 0 2348810
674140800 0 0 2 0 0 0 2348810
674144000 0 0 2 0 0 0 2348810
674147200 0 0 2 0 0 0 2348810
674150400 0 0 2 0 0 0 2348810
674153600 0 1 2 0 0 0 2348810
674156800 0 0 2 0 0 0 2348810
674160000 0 1 2 0 0 0 2348810
674163200 0 0 2 0 0 0 2348810
674166400 0 0 2 0 0 0 2348810
674169600 0 1 2 0 0 0 2348810
674172800 0 1 2 0 0 0 2348810
674176000 0 0 2 0 0 0 2348810
674179200 0 0 2 0 0 0 2348810
674182400 0 0 2 0 0 0 2348810
674185600 0 0 2 0 0 0 2348810
674188800 0 1 2 0 0 0 2348810
674192000 0 0 2 0 0 0 2348810
674195200 0 0 2 0 0 0 2348810
674198400 0 1 2 0 0 0 2348810
674201600 0 0 2 0 0 0 2348810
674204800 0 1 2 0 0 0 2348810
674208000 0 1 2 0 0 0 2348810
676000000 0 0 2 0 0 0 2348810
676003200 0 0 2 0 0 0 2348810
676006400 0 0 2 0 0 0 2348810
676009600 0 0 2 0 0 0 2348810
676012800 0 0 2 0 0 0 2348810
676016000 0 0 2 0 0 0 2348810
676019200 0 0 2 0 0 0 2348810
676022400 0 0 2 0 0 0 2348810
676025600 0 1 2 0 0 0 2348810
676028800 0 1 2 0 0 0 2348810
676032000 0 1 2 0 0 0 2348810
676035200 0 0 2 0 0 0 2348810
676038400 0 0 2 0 0 0 2348810
676041600 0 0 2 0 0 0 2348810
676044800 0 0 2 0 0 0 2348810
676048000 0 1 2 0 0 0 2348810
676051200 0 0 2 0 0 0 2348810
676054400 0 1 2 0 0 0 2348810
676057600 0 0 2 0 0 0 2348810
676060800 0 0 2 0 0 0 2348810
676064000 0 1 2 0 0 0 2348810
676067200 0 1 2 0 0 0 2348810
676070400 0 0 2 0 0 0 2348810
676073600 0 0 2 0 0 0 2348810
676076800 0 0 2 0 0 0 2348810
676080000 0 0 2 0 0 0 2348810
676083200 0 0 2 0 0 0 2348810
676086400 0 0 2 0 0 0 2348810
676089600 0 0 2 0 0 0 2348810
676092800 0 0 2 0 0 0 2348810
676096000 0 0 2 0 0 0 2348810
676099200 0 1 2 0 0 0 2348810
676102400 0 1 2 0 0 0 2348810
684000000 0 0 2 0 0 0 2348810
684003200 0 0 2 0 0 0 2348810
684006400 0 0 2 0 0 0 2348810
684009600 0 0 2 0 0 0 2348810
684012800 0 0 2 0 0 0 2348810
684016000 0 1 2 0 0 0 2348810
684019200 0 0 2 0 0 0 2348810
684022400 0 0 2 0 0 0 2348810
684025600 0 1 2 0 0 0 2348810
684028800 0 1 2 0 0 0 2348810
684032000 0 1 2 0 0 0 2348810
684035200 0 0 2 0 0 0 2348810
684038400 0 1 2 0 0 0 2348810
684041600 0 0 2 0 0 0 2348810
684044800 0 0 2 0 0 0 2348810
684048000 0 1 2 0 0 0 2348810
684051200 0 1 2 0 0 0 2348810
684054400 0 1 2 0 0 0 2348810
684057600 0 0 2 0 0 0 2348810
684060800 0 0 2 0 0 0 2348810
684064000 0 1 2 0 0 0 2348810
684067200 0 1 2 0 0 0 2348810
684070400 0 0 2 0 0 0 2348810
684073600 0 1 2 0 0 0 2348810
684076800 0 0 2 0 0 0 2348810
684080000 0 1 2 0 0 0 2348810
684083200 0 1 2 0 0 0 2348810
684086400 0 1 2 0 0 0 2348810
684089600 0 0 2 0 0 0 2348810
684092800 0 1 2 0 0 0 2348810
684096000 0 0 2 0 0 0 2348810
684099200 0 1 2 0 0 0 2348810
684102400 0 1 2 0 0 0 2348810
718000000 0 0 2 0 0 0 2348810
718003200 0 0 2 0 0 0 2348810
718006400 0 0 2 0 0 0 2348810
718009600 0 0 2 0 0 0 2348810
718012800 0 0 2 0 0 0 2348810
718016000 0 0 2 0 0 0 2348810
718019200 0 0 2 0 0 0 2348810
718022400 0 0 2 0 0 0 2348810
718025600 0 1 2 0 0 0 2348810
718028800 0 1 2 0 0 0 2348810
718032000 0 1 2 0 0 0 2348810
718035200 0 0 2 0 0 0 2348810
718038400 0 1 2 0 0 0 2348810
718041600 0 0 2 0 0 0 2348810
718044800 0 0 2 0 0 0 2348810
718048000 0 1 2 0 0 0 2348810
718051200 0 1 2 0 0 0 2348810
718054400 0 1 2 0 0 0 2348810
718057600 0 0 2 0 0 0 2348810
718060800 0 0 2 0 0 0 2348810
718064000 0 1 2 0 0 0 2348810
718067200 0 1 2 0 0 0 2348810
718070400 0 0 2 0 0 0 2348810
718073600 0 0 2 0 0 0 2348810
718076800 0 0 2 0 0 0 2348810
718080000 0 0 2 0 0 0 2348810
718083200 0 0 2 0 0 0 2348810
718086400 0 0 2 0 0 0 2348810
718089600 0 0 2 0 0 0 2348810
718092800 0 0 2 0 0 0 2348810
718096000 0 0 2 0 0 0 2348810
718099200 0 1 2 0 0 0 2348810
718102400 0 1 2 0 0 0 2348810
728000000 0 0 2 0 0 0 2348810
728003200 0 0 2 0 0 0 2348810
728006400 0 0 2 0 0 0 2348810
728009600 0 0 2 0 0 0 2348810
728012800 0 0 2 0 0 0 2348810
728016000 0 1 2 0 0 0 2348810
728019200 0 0 2 0 0 0 2348810
728022400 0 0 2 0 0 0 2348810
728025600 0 1 2 0 0 0 2348810
728028800 0 1 2 0 0 0 2348810
728032000 0 1 2 0 0 0 2348810
728035200 0 0 2 0 0 0 2348810
728038400 0 1 2 0 0 0 2348810
728041600 0 1 2 0 0 0 2348810
728044800 0 1 2 0 0 0 2348810
728048000 0 0 2 0 0 0 2348810
728051200 0 1 2 0 0 0 2348810
728054400 0 1 2 0 0 0 2348810
728057600 0 0 2 0 0 0 2348810
728060800 0 0 2 0 0 0 2348810
728064000 0 1 2 0 0 0 2348810
728067200 0 1 2 0 0 0 2348810
728070400 0 0 2 0 0 0 2348810
728073600 0 0 2 0 0 0 2348810
728076800 0 1 2 0 0 0 2348810
728080000 0 1 2 0 0 0 2348810
728083200 0 0 2 0 0 0 2348810
728086400 0 0 2 0 0 0 2348810
728089600 0 1 2 0 0 0 2348810
728092800 0 1 2 0 0 0 2348810
728096000 0 0 2 0 0 0 2348810
728099200 0 1 2 0 0 0 2348810
728102400 0 1 2 0 0 0 2348810
762000000 0 0 2 0 0 0 2348810
762003200 0 0 2 0 0 0 2348810
762006400 0 0 2 0 0 0 2348810
762009600 0 0 2 0 0 0 2348810
762012800 0 0 2 0 0 0 2348810
762016000 0 0 2 0 0 0 2348810
762019200 0 0 2 0 0 0 2348810
762022400 0 0 2 0 0 0 2348810
762025600 0 1 2 0 0 0 2348810
762028800 0 1 2 0 0 0 2348810
762032000 0 1 2 0 0 0 2348810
762035200 0 0 2 0 0 0 2348810
762038400 0 1 2 0 0 0 2348810
762041600 0 1 2 0 0 0 2348810
762044800 0 1 2 0 0 0 2348810
762048000 0 0 2 0 0 0 2348810
762051200 0 1 2 0 0 0 2348810
762054400 0 1 2 0 0 0 2348810
762057600 0 0 2 0 0 0 2348810
762060800 0 0 2 0 0 0 2348810
762064000 0 1 2 0 0 0 2348810
762067200 0 1 2 0 0 0 2348810
762070400 0 0 2 0 0 0 2348810
762073600 0 0 2 0 0 0 2348810
762076800 0 0 2 0 0 0 2348810
762080000 0 0 2 0 0 0 2348810
762083200 0 0 2 0 0 0 2348810
762086400 0 0 2 0 0 0 2348810
762089600 0 0 2 0 0 0 2348810
762092800 0 0 2 0 0 0 2348810
762096000 0 0 2 0 0 0 2348810
762099200 0 1 2 0 0 0 2348810
762102400 0 1 2 0 0 0 2348810
762105600 0 0 2 0 0 0 2348810
762108800 0 0 2 0 0 0 2348810
762112000 0 0 2 0 0 0 2348810
762115200 0 0 2 0 0 0 2348810
762118400 0 0 2 0 0 0 2348810
762121600 0 1 2 0 0 0 2348810
762124800 0 0 2 0 0 0 2348810
762128000 0 0 2 0 0 0 2348810
762131200 0 1 2 0 0 0 2348810
762134400 0 1 2 0 0 0 2348810
762137600 0 1 2 0 0 0 2348810
762140800 0 0 2 0 0 0 2348810
762144000 0 1 2 0 0 0 2348810
762147200 0 1 2 0 0 0 2348810
762150400 0 0 2 0 0 0 2348810
762153600 0 1 2 0 0 0 2348810
762156800 0 0 2 0 0 0 2348810
762160000 0 1 2 0 0 0 2348810
762163200 0 0 2 0 0 0 2348810
762166400 0 0 2 0 0 0 2348810
762169600 0 1 2 0 0 0 2348810
762172800 0 1 2 0 0 0 2348810
762176000 0 0 2 0 0 0 2348810
762179200 0 0 2 0 0 0 2348810
762182400 0 0 2 0 0 0 2348810
762185600 0 0 2 0 0 0 2348810
762188800 0 1 2 0 0 0 2348810
762192000 0 0 2 0 0 0 2348810
762195200 0 0 2 0 0 0 2348810
762198400 0 1 2 0 0 0 2348810
762201600 0 0 2 0 0 0 2348810
762204800 0 1 2 0 0 0 2348810
762208000 0 1 2 0 0 0 2348810
764000000 0 0 2 0 0 0 2348810
764003200 0 0 2 0 0 0 2348810
764006400 0 0 2 0 0 0 2348810
764009600 0 0 2 0 0 0 2348810
764012800 0 0 2 0 0 0 2348810
764016000 0 0 2 0 0 0 2348810
764019200 0 0 2 0 0 0 2348810
764022400 0 0 2 0 0 0 2348810
764025600 0 1 2 0 0 0 2348810
764028800 0 1 2 0 0 0 2348810
764032000 0 1 2 0 0 0 2348810
764035200 0 0 2 0 0 0 2348810
764038400 0 1 2 0 0 0 2348810
764041600 0 1 2 0 0 0 2348810
764044800 0 0 2 0 0 0 2348810
764048000 0 1 2 0 0 0 2348810
764051200 0 0 2 0 0 0 2348810
764054400 0 1 2 0 0 0 2348810
764057600 0 0 2 0 0 0 2348810
764060800 0 0 2 0 0 0 2348810
764064000 0 1 2 0 0 0 2348810
764067200 0 1 2 0 0 0 2348810
764070400 0 0 2 0 0 0 2348810
764073600 0 0 2 0 0 0 2348810
764076800 0 0 2 0 0 0 2348810
764080000 0 0 2 0 0 0 2348810
764083200 0 0 2 0 0 0 2348810
764086400 0 0 2 0 0 0 2348810
764089600 0 0 2 0 0 0 2348810
764092800 0 0 2 0 0 0 2348810
764096000 0 0 2 0 0 0 2348810
764099200 0 1 2 0 0 0 2348810
764102400 0 1 2 0 0 0 2348810
772000000 0 0 2 0 0 0 2348810
772003200 0 0 2 0 0 0 2348810
772006400 0 0 2 0 0 0 2348810
772009600 0 0 2 0 0 0 2348810
772012800 0 0 2 0 0 0 2348810
772016000 0 1 2 0 0 0 2348810
772019200 0 0 2 0 0 0 2348810
772022400 0 0 2 0 0 0 2348810
772025600 0 1 2 0 0 0 2348810
772028800 0 1 2 0 0 0 2348810
772032000 0 1 2 0 0 0 2348810
772035200 0 0 2 0 0 0 2348810
772038400 0 1 2 0 0 0 2348810
772041600 0 1 2 0 0 0 2348810
772044800 0 0 2 0 0 0 2348810
772048000 0 1 2 0 0 0 2348810
772051200 0 1 2 0 0 0 2348810
772054400 0 1 2 0 0 0 2348810
772057600 0 0 2 0 0 0 2348810
772060800 0 0 2 0 0 0 2348810
772064000 0 1 2 0 0 0 2348810
772067200 0 1 2 0 0 0 2348810
772070400 0 0 2 0 0 0 2348810
772073600 0 0 2 0 0 0 2348810
772076800 0 0 2 0 0 0 2348810
772080000 0 1 2 0 0 0 2348810
772083200 0 0 2 0 0 0 2348810
772086400 0 1 2 0 0 0 2348810
772089600 0 0 2 0 0 0 2348810
772092800 0 1 2 0 0 0 2348810
772096000 0 0 2 0 0 0 2348810
772099200 0 1 2 0 0 0 2348810
772102400 0 1 2 0 0 0 2348810
806000000 0 0 2 0 0 0 2348810
806003200 0 0 2 0 0 0 2348810
806006400 0 0 2 0 0 0 2348810
806009600 0 0 2 0 0 0 2348810
806012800 0 0 2 0 0 0 2348810
806016000 0 0 2 0 0 0 2348810
806019200 0 0 2 0 0 0 2348810
806022400 0 0 2 0 0 0 2348810
806025600 0 1 2 0 0 0 2348810
806028800 0 1 2 0 0 0 2348810
806032000 0 1 2 0 0 0 2348810
806035200 0 0 2 0 0 0 2348810
806038400 0 1 2 0 0 0 2348810
806041600 0 1 2 0 0 0 2348810
806044800 0 0 2 0 0 0 2348810
806048000 0 1 2 0 0 0 2348810
806051200 0 1 2 0 0 0 2348810
806054400 0 1 2 0 0 0 2348810
806057600 0 0 2 0 0 0 2348810
806060800 0 0 2 0 0 0 2348810
806064000 0 1 2 0 0 0 2348810
806067200 0 1 2 0 0 0 2348810
806070400 0 0 2 0 0 0 2348810
806073600 0 0 2 0 0 0 2348810
806076800 0 0 2 0 0 0 2348810
806080000 0 0 2 0 0 0 2348810
806083200 0 0 2 0 0 0 2348810
806086400 0 0 2 0 0 0 2348810
806089600 0 0 2 0 0 0 2348810
806092800 0 0 2 0 0 0 2348810
806096000 0 0 2 0 0 0 2348810
806099200 0 1 2 0 0 0 2348810
806102400 0 1 2 0 0 0 2348810
816000000 0 0 2 0 0 0 2348810
816003200 0 0 2 0 0 0 2348810
816006400 0 0 2 0 0 0 2348810
816009600 0 0 2 0 0 0 2348810
816012800 0 0 2 0 0 0 2348810
816016000 0 1 2 0 0 0 2348810
816019200 0 0 2 0 0 0 2348810
816022400 0 0 2 0 0 0 2348810
816025600 0 1 2 0 0 0 2348810
816028800 0 1 2 0 0 0 2348810
816032000 0 1 2 0 0 0 2348810
816035200 0 0 2 0 0 0 2348810
816038400 0 0 2 0 0 0 2348810
816041600 0 0 2 0 0 0 2348810
816044800 0 0 2 0 0 0 2348810
816048000 0 0 2 0 0 0 2348810
816051200 0 0 2 0 0 0 2348810
816054400 0 0 2 0 0 0 2348810
816057600 0 1 2 0 0 0 2348810
816060800 0 0 2 0 0 0 2348810
816064000 0 1 2 0 0 0 2348810
816067200 0 1 2 0 0 0 2348810
816070400 0 0 2 0 0 0 2348810
816073600 0 1 2 0 0 0 2348810
816076800 0 0 2 0 0 0 2348810
816080000 0 1 2 0 0 0 2348810
816083200 0 1 2 0 0 0 2348810
816086400 0 1 2 0 0 0 2348810
816089600 0 0 2 0 0 0 2348810
816092800 0 1 2 0 0 0 2348810
816096000 0 0 2 0 0 0 2348810
816099200 0 1 2 0 0 0 2348810
816102400 0 1 2 0 0 0 2348810
850000000 0 0 2 0 0 0 2348810
850003200 0 0 2 0 0 0 2348810
850006400 0 0 2 0 0 0 2348810
850009600 0 0 2 0 0 0 2348810
850012800 0 0 2 0 0 0 2348810
850016000 0 0 2 0 0 0 2348810
850019200 0 0 2 0 0 0 2348810
850022400 0 0 2 0 0 0 2348810
850025600 0 1 2 0 0 0 2348810
850028800 0 1 2 0 0 0 2348810
850032000 0 1 2 0 0 0 2348810
850035200 0 0 2 0 0 0 2348810
850038400 0 0 2 0 0 0 2348810
850041600 0 0 2 0 0 0 2348810
850044800 0 0 2 0 0 0 2348810
850048000 0 0 2 0 0 0 2348810
850051200 0 0 2 0 0 0 2348810
850054400 0 0 2 0 0 0 2348810
850057600 0 1 2 0 0 0 2348810
850060800 0 0 2 0 0 0 2348810
850064000 0 1 2 0 0 0 2348810
850067200 0 1 2 0 0 0 2348810
850070400 0 0 2 0 0 0 2348810
850073600 0 0 2 0 0 0 2348810
850076800 0 0 2 0 0 0 2348810
850080000 0 0 2 0 0 0 2348810
850083200 0 0 2 0 0 0 2348810
850086400 0 0 2 0 0 0 2348810
850089600 0 0 2 0 0 0 2348810
850092800 0 0 2 0 0 0 2348810
850096000 0 0 2 0 0 0 2348810
850099200 0 1 2 0 0 0 2348810
850102400 0 1 2 0 0 0 2348810
850105600 0 0 2 0 0 0 2348810
850108800 0 0 2 0 0 0 2348810
850112000 0 0 2 0 0 0 2348810
850115200 0 0 2 0 0 0 2348810
850118400 0 0 2 0 0 0 2348810
850121600 0 1 2 0 0 0 2348810
850124800 0 0 2 0 0 0 2348810
850128000 0 0 2 0 0 0 2348810
850131200 0 1 2 0 0 0 2348810
850134400 0 1 2 0 0 0 2348810
850137600 0 1 2 0 0 0 2348810
850140800 0 0 2 0 0 0 2348810
850144000 0 0 2 0 0 0 2348810
850147200 0 0 2 0 0 0 2348810
850150400 0 1 2 0 0 0 2348810
850153600 0 0 2 0 0 0 2348810
850156800 0 1 2 0 0 0 2348810
850160000 0 1 2 0 0 0 2348810
850163200 0 0 2 0 0 0 2348810
850166400 0 0 2 0 0 0 2348810
850169600 0 1 2 0 0 0 2348810
850172800 0 1 2 0 0 0 2348810
850176000 0 0 2 0 0 0 2348810
850179200 0 0 2 0 0 0 2348810
850182400 0 0 2 0 0 0 2348810
850185600 0 0 2 0 0 0 2348810
850188800 0 1 2 0 0 0 2348810
850192000 0 0 2 0 0 0 2348810
850195200 0 0 2 0 0 0 2348810
850198400 0 1 2 0 0 0 2348810
850201600 0 0 2 0 0 0 2348810
850204800 0 1 2 0 0 0 2348810
850208000 0 1 2 0 0 0 2348810
852000000 0 0 2 0 0 0 2348810
852003200 0 0 2 0 0 0 2348810
852006400 0 0 2 0 0 0 2348810
852009600 0 0 2 0 0 0 2348810
852012800 0 0 2 0 0 0 2348810
852016000 0 0 2 0 0 0 2348810
852019200 0 0 2 0 0 0 2348810
852022400 0 0 2 0 0 0 2348810
852025600 0 1 2 0 0 0 2348810
852028800 0 1 2 0 0 0 2348810
852032000 0 1 2 0 0 0 2348810
852035200 0 0 2 0 0 0 2348810
852038400 0 0 2 0 0 0 2348810
852041600 0 0 2 0 0 0 2348810
852044800 0 1 2 0 0 0 2348810
852048000 0 0 2 0 0 0 2348810
852051200 0 1 2 0 0 0 2348810
852054400 0 1 2 0 0 0 2348810
852057600 0 0 2 0 0 0 2348810
852060800 0 0 2 0 0 0 2348810
852064000 0 1 2 0 0 0 2348810
852067200 0 1 2 0 0 0 2348810
852070400 0 0 2 0 0 0 2348810
852073600 0 0 2 0 0 0 2348810
852076800 0 0 2 0 0 0 2348810
852080000 0 0 2 0 0 0 2348810
852083200 0 0 2 0 0 0 2348810
852086400 0 0 2 0 0 0 2348810
852089600 0 0 2 0 0 0 2348810
852092800 0 0 2 0 0 0 2348810
852096000 0 0 2 0 0 0 2348810
852099200 0 1 2 0 0 0 2348810
852102400 0 1 2 0 0 0 2348810
860000000 0 0 2 0 0 0 2348810
860003200 0 0 2 0 0 0 2348810
860006400 0 0 2 0 0 0 2348810
860009600 0 0 2 0 0 0 2348810
860012800 0 0 2 0 0 0 2348810
860016000 0 1 2 0 0 0 2348810
860019200 0 0 2 0 0 0 2348810
860022400 0 0 2 0 0 0 2348810
860025600 0 1 2 0 0 0 2348810
860028800 0 1 2 0 0 0 2348810
860032000 0 1 2 0 0 0 2348810
860035200 0 0 2 0 0 0 2348810
860038400 0 1 2 0 0 0 2348810
860041600 0 0 2 0 0 0 2348810
860044800 0 0 2 0 0 0 2348810
860048000 0 1 2 0 0 0 2348810
860051200 0 1 2 0 0 0 2348810
860054400 0 1 2 0 0 0 2348810
860057600 0 0 2 0 0 0 2348810
860060800 0 0 2 0 0 0 2348810
860064000 0 1 2 0 0 0 2348810
860067200 0 1 2 0 0 0 2348810
860070400 0 0 2 0 0 0 2348810
860073600 0 0 2 0 0 0 2348810
860076800 0 1 2 0 0 0 2348810
860080000 0 1 2 0 0 0 2348810
860083200 0 0 2 0 0 0 2348810
860086400 0 0 2 0 0 0 2348810
860089600 0 1 2 0 0 0 2348810
860092800 0 1 2 0 0 0 2348810
860096000 0 0 2 0 0 0 2348810
860099200 0 1 2 0 0 0 2348810
860102400 0 1 2 0 0 0 2348810
894000000 0 0 2 0 0 0 2348810
894003200 0 0 2 0 0 0 2348810
894006400 0 0 2 0 0 0 2348810
894009600 0 0 2 0 0 0 2348810
894012800 0 0 2 0 0 0 2348810
894016000 0 0 2 0 0 0 2348810
894019200 0 0 2 0 0 0 2348810
894022400 0 0 2 0 0 0 2348810
894025600 0 1 2 0 0 0 2348810
894028800 0 1 2 0 0 0 2348810
894032000 0 1 2 0 0 0 2348810
894035200 0 0 2 0 0 0 2348810
894038400 0 1 2 0 0 0 2348810
894041600 0 0 2 0 0 0 2348810
894044800 0 0 2 0 0 0 2348810
894048000 0 1 2 0 0 0 2348810
894051200 0 1 2 0 0 0 2348810
894054400 0 1 2 0 0 0 2348810
894057600 0 0 2 0 0 0 2348810
894060800 0 0 2 0 0 0 2348810
894064000 0 1 2 0 0 0 2348810
894067200 0 1 2 0 0 0 2348810
894070400 0 0 2 0 0 0 2348810
894073600 0 0 2 0 0 0 2348810
894076800 0 0 2 0 0 0 2348810
894080000 0 0 2 0 0 0 2348810
894083200 0 0 2 0 0 0 2348810
894086400 0 0 2 0 0 0 2348810
894089600 0 0 2 0 0 0 2348810
894092800 0 0 2 0 0 0 2348810
894096000 0 0 2 0 0 0 2348810
894099200 0 1 2 0 0 0 2348810
894102400 0 1 2 0 0 0 2348810
904000000 0 0 2 0 0 0 2348810
904003200 0 0 2 0 0 0 2348810
904006400 0 0 2 0 0 0 2348810
904009600 0 0 2 0 0 0 2348810
904012800 0 0 2 0 0 0 2348810
904016000 0 1 2 0 0 0 2348810
904019200 0 0 2 0 0 0 2348810
904022400 0 0 2 0 0 0 2348810
904025600 0 1 2 0 0 0 2348810
904028800 0 1 2 0 0 0 2348810
904032000 0 1 2 0 0 0 2348810
904035200 0 0 2 0 0 0 2348810
904038400 0 1 2 0 0 0 2348810
904041600 0 1 2 0 0 0 2348810
904044800 0 1 2 0 0 0 2348810
904048000 0 0 2 0 0 0 2348810
904051200 0 1 2 0 0 0 2348810
904054400 0 1 2 0 0 0 2348810
904057600 0 0 2 0 0 0 2348810
904060800 0 0 2 0 0 0 2348810
904064000 0 1 2 0 0 0 2348810
904067200 0 1 2 0 0 0 2348810
904070400 0 0 2 0 0 0 2348810
904073600 0 0 2 0 0 0 2348810
904076800 0 0 2 0 0 0 2348810
904080000 0 1 2 0 0 0 2348810
904083200 0 0 2 0 0 0 2348810
904086400 0 1 2 0 0 0 2348810
904089600 0 0 2 0 0 0 2348810
904092800 0 1 2 0 0 0 2348810
904096000 0 0 2 0 0 0 2348810
904099200 0 1 2 0 0 0 2348810
904102400 0 1 2 0 0 0 2348810
938000000 0 0 2 0 0 0 2348810
938003200 0 0 2 0 0 0 2348810
938006400 0 0 2 0 0 0 2348810
938009600 0 0 2 0 0 0 2348810
938012800 0 0 2 0 0 0 2348810
938016000 0 0 2 0 0 0 2348810
938019200 0 0 2 0 0 0 2348810
938022400 0 0 2 0 0 0 2348810
938025600 0 1 2 0 0 0 2348810
938028800 0 1 2 0 0 0 2348810
938032000 0 1 2 0 0 0 2348810
938035200 0 0 2 0 0 0 2348810
938038400 0 1 2 0 0 0 2348810
938041600 0 1 2 0 0 0 2348810
938044800 0 1 2 0 0 0 2348810
938048000 0 0 2 0 0 0 2348810
938051200 0 1 2 0 0 0 2348810
938054400 0 1 2 0 0 0 2348810
938057600 0 0 2 0 0 0 2348810
938060800 0 0 2 0 0 0 2348810
938064000 0 1 2 0 0 0 2348810
938067200 0 1 2 0 0 0 2348810
938070400 0 0 2 0 0 0 2348810
938073600 0 0 2 0 0 0 2348810
938076800 0 0 2 0 0 0 2348810
938080000 0 0 2 0 0 0 2348810
938083200 0 0 2 0 0 0 2348810
938086400 0 0 2 0 0 0 2348810
938089600 0 0 2 0 0 0 2348810
938092800 0 0 2 0 0 0 2348810
938096000 0 0 2 0 0 0 2348810
938099200 0 1 2 0 0 0 2348810
938102400 0 1 2 0 0 0 2348810
938105600 0 0 2 0 0 0 2348810
938108800 0 0 2 0 0 0 2348810
938112000 0 0 2 0 0 0 2348810
938115200 0 0 2 0 0 0 2348810
938118400 0 0 2 0 0 0 2348810
938121600 0 1 2 0 0 0 2348810
938124800 0 0 2 0 0 0 2348810
938128000 0 0 2 0 0 0 2348810
938131200 0 1 2 0 0 0 2348810
938134400 0 1 2 0 0 0 2348810
938137600 0 1 2 0 0 0 2348810
938140800 0 0 2 0 0 0 2348810
938144000 0 1 2 0 0 0 2348810
938147200 0 1 2 0 0 0 2348810
938150400 0 0 2 0 0 0 2348810
938153600 0 1 2 0 0 0 2348810
938156800 0 0 2 0 0 0 2348810
938160000 0 1 2 0 0 0 2348810
938163200 0 0 2 0 0 0 2348810
938166400 0 0 2 0 0 0 2348810
938169600 0 1 2 0 0 0 2348810
938172800 0 1 2 0 0 0 2348810
938176000 0 0 2 0 0 0 2348810
938179200 0 0 2 0 0 0 2348810
938182400 0 0 2 0 0 0 2348810
938185600 0 0 2 0 0 0 2348810
938188800 0 1 2 0 0 0 2348810
938192000 0 0 2 0 0 0 2348810
938195200 0 0 2 0 0 0 2348810
938198400 0 1 2 0 0 0 2348810
938201600 0 0 2 0 0 0 2348810
938204800 0 1 2 0 0 0 2348810
938208000 0 1 2 0 0 0 2348810
940000000 0 0 2 0 0 0 2348810
940003200 0 0 2 0 0 0 2348810
940006400 0 0 2 0 0 0 2348810
940009600 0 0 2 0 0 0 2348810
940012800 0 0 2 0 0 0 2348810
940016000 0 0 2 0 0 0 2348810
940019200 0 0 2 0 0 0 2348810
940022400 0 0 2 0 0 0 2348810
940025600 0 1 2 0 0 0 2348810
940028800 0 1 2 0 0 0 2348810
940032000 0 1 2 0 0 0 2348810
940035200 0 0 2 0 0 0 2348810
940038400 0 1 2 0 0 0 2348810
940041600 0 1 2 0 0 0 2348810
940044800 0 0 2 0 0 0 2348810
940048000 0 1 2 0 0 0 2348810
940051200 0 0 2 0 0 0 2348810
940054400 0 1 2 0 0 0 2348810
940057600 0 0 2 0 0 0 2348810
940060800 0 0 2 0 0 0 2348810
940064000 0 1 2 0 0 0 2348810
940067200 0 1 2 0 0 0 2348810
940070400 0 0 2 0 0 0 2348810
940073600 0 0 2 0 0 0 2348810
940076800 0 0 2 0 0 0 2348810
940080000 0 0 2 0 0 0 2348810
940083200 0 0 2 0 0 0 2348810
940086400 0 0 2 0 0 0 2348810
940089600 0 0 2 0 0 0 2348810
940092800 0 0 2 0 0 0 2348810
940096000 0 0 2 0 0 0 2348810
940099200 0 1 2 0 0 0 2348810
940102400 0 1 2 0 0 0 2348810
948000000 0 0 2 0 0 0 2348810
948003200 0 0 2 0 0 0 2348810
948006400 0 0 2 0 0 0 2348810
948009600 0 0 2 0 0 0 2348810
948012800 0 0 2 0 0 0 2348810
948016000 0 1 2 0 0 0 2348810
948019200 0 0 2 0 0 0 2348810
948022400 0 0 2 0 0 0 2348810
948025600 0 1 2 0 0 0 2348810
948028800 0 1 2 0 0 0 2348810
948032000 0 1 2 0 0 0 2348810
948035200 0 0 2 0 0 0 2348810
948038400 0 0 2 0 0 0 2348810
948041600 0 0 2 0 0 0 2348810
948044800 0 1 2 0 0 0 2348810
948048000 0 0 2 0 0 0 2348810
948051200 0 1 2 0 0 0 2348810
948054400 0 1 2 0 0 0 2348810
948057600 0 0 2 0 0 0 2348810
948060800 0 0 2 0 0 0 2348810
948064000 0 1 2 0 0 0 2348810
948067200 0 1 2 0 0 0 2348810
948070400 0 0 2 0 0 0 2348810
948073600 0 1 2 0 0 0 2348810
948076800 0 0 2 0 0 0 2348810
948080000 0 1 2 0 0 0 2348810
948083200 0 1 2 0 0 0 2348810
948086400 0 1 2 0 0 0 2348810
948089600 0 0 2 0 0 0 2348810
948092800 0 1 2 0 0 0 2348810
948096000 0 0 2 0 0 0 2348810
948099200 0 1 2 0 0 0 2348810
948102400 0 1 2 0 0 0 2348810
982000000 0 0 2 0 0 0 2348810
982003200 0 0 2 0 0 0 2348810
982006400 0 0 2 0 0 0 2348810
982009600 0 0 2 0 0 0 2348810
982012800 0 0 2 0 0 0 2348810
982016000 0 0 2 0 0 0 2348810
982019200 0 0 2 0 0 0 2348810
982022400 0 0 2 0 0 0 2348810
982025600 0 1 2 0 0 0 2348810
982028800 0 1 2 0 0 0 2348810
982032000 0 1 2 0 0 0 2348810
982035200 0 0 2 0 0 0 2348810
982038400 0 0 2 0 0 0 2348810
982041600 0 0 2 0 0 0 2348810
982044800 0 1 2 0 0 0 2348810
982048000 0 0 2 0 0 0 2348810
982051200 0 1 2 0 0 0 2348810
982054400 0 1 2 0 0 0 2348810
982057600 0 0 2 0 0 0 2348810
982060800 0 0 2 0 0 0 2348810
982064000 0 1 2 0 0 0 2348810
982067200 0 1 2 0 0 0 2348810
982070400 0 0 2 0 0 0 2348810
982073600 0 0 2 0 0 0 2348810
982076800 0 0 2 0 0 0 2348810
982080000 0 0 2 0 0 0 2348810
982083200 0 0 2 0 0 0 2348810
982086400 0 0 2 0 0 0 2348810
982089600 0 0 2 0 0 0 2348810
982092800 0 0 2 0 0 0 2348810
982096000 0 0 2 0 0 0 2348810
982099200 0 1 2 0 0 0 2348810
982102400 0 1 2 0 0 0 2348810
