0 1 1 0 0 0 0 0
64 0 1 0 0 0 0 0
100000 0 1 1 1 0 0 0
100002 0 1 1 0 0 0 0
600000 0 1 1 0 1 3 461373
600002 0 1 1 0 0 3 461373
800000 0 1 1 0 1 0 1971323
800002 0 1 1 0 0 0 1971323
6000000 0 0 1 0 0 0 1971323
6003200 0 0 1 0 0 0 1971323
6006400 0 0 1 0 0 0 1971323
6009600 0 0 1 0 0 0 1971323
6012800 0 0 1 0 0 0 1971323
6016000 0 1 1 0 0 0 1971323
6019200 0 0 1 0 0 0 1971323
6022400 0 0 1 0 0 0 1971323
6025600 0 1 1 0 0 0 1971323
6028800 0 1 1 0 0 0 1971323
6032000 0 1 1 0 0 0 1971323
6035200 0 0 1 0 0 0 1971323
6038400 0 1 1 0 0 0 1971323
6041600 0 0 1 0 0 0 1971323
6044800 0 1 1 0 0 0 1971323
6048000 0 1 1 0 0 0 1971323
6051200 0 0 1 0 0 0 1971323
6054400 0 1 1 0 0 0 1971323
6057600 0 0 1 0 0 0 1971323
6060800 0 0 1 0 0 0 1971323
6064000 0 1 1 0 0 0 1971323
6067200 0 1 1 0 0 0 1971323
6070400 0 0 1 0 0 0 1971323
6073600 0 0 1 0 0 0 1971323
6076800 0 1 1 0 0 0 1971323
6080000 0 0 1 0 0 0 1971323
6083200 0 1 1 0 0 0 1971323
6086400 0 1 1 0 0 0 1971323
6089600 0 0 1 0 0 0 1971323
6092800 0 1 1 0 0 0 1971323
6096000 0 0 1 0 0 0 1971323
6099200 0 1 1 0 0 0 1971323
6102400 0 1 1 0 0 0 1971323
126000000 0 0 1 0 0 0 1971323
126003200 0 0 1 0 0 0 1971323
126006400 0 0 1 0 0 0 1971323
126009600 0 0 1 0 0 0 1971323
126012800 0 0 1 0 0 0 1971323
126016000 0 0 1 0 0 0 1971323
126019200 0 0 1 0 0 0 1971323
126022400 0 0 1 0 0 0 1971323
126025600 0 1 1 0 0 0 1971323
126028800 0 1 1 0 0 0 1971323
126032000 0 1 1 0 0 0 1971323
126035200 0 0 1 0 0 0 1971323
126038400 0 1 1 0 0 0 1971323
126041600 0 0 1 0 0 0 1971323
126044800 0 1 1 0 0 0 1971323
126048000 0 1 1 0 0 0 1971323
126051200 0 0 1 0 0 0 1971323
126054400 0 1 1 0 0 0 1971323
126057600 0 0 1 0 0 0 1971323
126060800 0 0 1 0 0 0 1971323
126064000 0 1 1 0 0 0 1971323
126067200 0 1 1 0 0 0 1971323
126070400 0 0 1 0 0 0 1971323
126073600 0 0 1 0 0 0 1971323
126076800 0 0 1 0 0 0 1971323
126080000 0 0 1 0 0 0 1971323
126083200 0 0 1 0 0 0 1971323
126086400 0 0 1 0 0 0 1971323
126089600 0 0 1 0 0 0 1971323
126092800 0 0 1 0 0 0 1971323
126096000 0 0 1 0 0 0 1971323
126099200 0 1 1 0 0 0 1971323
126102400 0 1 1 0 0 0 1971323
126105600 0 0 1 0 0 0 1971323
126108800 0 0 1 0 0 0 1971323
126112000 0 0 1 0 0 0 1971323
126115200 0 0 1 0 0 0 1971323
126118400 0 0 1 0 0 0 1971323
126121600 0 1 1 0 0 0 1971323
126124800 0 0 1 0 0 0 1971323
126128000 0 0 1 0 0 0 1971323
126131200 0 1 1 0 0 0 1971323
126134400 0 1 1 0 0 0 1971323
126137600 0 1 1 0 0 0 1971323
126140800 0 0 1 0 0 0 1971323
126144000 0 0 1 0 0 0 1971323
126147200 0 0 1 0 0 0 1971323
126150400 0 1 1 0 0 0 1971323
126153600 0 0 1 0 0 0 1971323
126156800 0 1 1 0 0 0 1971323
126160000 0 1 1 0 0 0 1971323
126163200 0 0 1 0 0 0 1971323
126166400 0 0 1 0 0 0 1971323
126169600 0 1 1 0 0 0 1971323
126172800 0 1 1 0 0 0 1971323
126176000 0 0 1 0 0 0 1971323
126179200 0 0 1 0 0 0 1971323
126182400 0 1 1 0 0 0 1971323
126185600 0 1 1 0 0 0 1971323
126188800 0 0 1 0 0 0 1971323
126192000 0 0 1 0 0 0 1971323
126195200 0 0 1 0 0 0 1971323
126198400 0 1 1 0 0 0 1971323
126201600 0 0 1 0 0 0 1971323
126204800 0 1 1 0 0 0 1971323
126208000 0 1 1 0 0 0 1971323
200000000 0 0 1 0 0 0 1971323
200003200 0 0 1 0 0 0 1971323
200006400 0 0 1 0 0 0 1971323
200009600 0 0 1 0 0 0 1971323
200012800 0 0 1 0 0 0 1971323
200016000 0 0 1 0 0 0 1971323
200019200 0 0 1 0 0 0 1971323
200022400 0 0 1 0 0 0 1971323
200025600 0 1 1 0 0 0 1971323
200028800 0 1 1 0 0 0 1971323
200032000 0 1 1 0 0 0 1971323
200035200 0 0 1 0 0 0 1971323
200038400 0 0 1 0 0 0 1971323
200041600 0 0 1 0 0 0 1971323
200044800 0 1 1 0 0 0 1971323
200048000 0 0 1 0 0 0 1971323
200051200 0 1 1 0 0 0 1971323
200054400 0 1 1 0 0 0 1971323
200057600 0 0 1 0 0 0 1971323
200060800 0 0 1 0 0 0 1971323
200064000 0 1 1 0 0 0 1971323
200067200 0 1 1 0 0 0 1971323
200070400 0 0 1 0 0 0 1971323
200073600 0 0 1 0 0 0 1971323
200076800 0 0 1 0 0 0 1971323
200080000 0 0 1 0 0 0 1971323
200083200 0 0 1 0 0 0 1971323
200086400 0 0 1 0 0 0 1971323
200089600 0 0 1 0 0 0 1971323
200092800 0 0 1 0 0 0 1971323
200096000 0 0 1 0 0 0 1971323
200099200 0 1 1 0 0 0 1971323
200102400 0 1 1 0 0 0 1971323
215000000 0 0 1 0 0 0 1971323
215003200 0 0 1 0 0 0 1971323
215006400 0 0 1 0 0 0 1971323
215009600 0 0 1 0 0 0 1971323
215012800 0 0 1 0 0 0 1971323
215016000 0 1 1 0 0 0 1971323
215019200 0 0 1 0 0 0 1971323
215022400 0 0 1 0 0 0 1971323
215025600 0 1 1 0 0 0 1971323
215028800 0 1 1 0 0 0 1971323
215032000 0 1 1 0 0 0 1971323
215035200 0 0 1 0 0 0 1971323
215038400 0 0 1 0 0 0 1971323
215041600 0 0 1 0 0 0 1971323
215044800 0 0 1 0 0 0 1971323
215048000 0 0 1 0 0 0 1971323
215051200 0 1 1 0 0 0 1971323
215054400 0 1 1 0 0 0 1971323
215057600 0 0 1 0 0 0 1971323
215060800 0 0 1 0 0 0 1971323
215064000 0 1 1 0 0 0 1971323
215067200 0 1 1 0 0 0 1971323
215070400 0 0 1 0 0 0 1971323
215073600 0 0 1 0 0 0 1971323
215076800 0 0 1 0 0 0 1971323
215080000 0 1 1 0 0 0 1971323
215083200 0 0 1 0 0 0 1971323
215086400 0 1 1 0 0 0 1971323
215089600 0 0 1 0 0 0 1971323
215092800 0 1 1 0 0 0 1971323
215096000 0 0 1 0 0 0 1971323
215099200 0 1 1 0 0 0 1971323
215102400 0 1 1 0 0 0 1971323
325000000 0 0 1 0 0 0 1971323
325003200 0 0 1 0 0 0 1971323
325006400 0 0 1 0 0 0 1971323
325009600 0 0 1 0 0 0 1971323
325012800 0 0 1 0 0 0 1971323
325016000 0 0 1 0 0 0 1971323
325019200 0 0 1 0 0 0 1971323
325022400 0 0 1 0 0 0 1971323
325025600 0 1 1 0 0 0 1971323
325028800 0 1 1 0 0 0 1971323
325032000 0 1 1 0 0 0 1971323
325035200 0 0 1 0 0 0 1971323
325038400 0 0 1 0 0 0 1971323
325041600 0 0 1 0 0 0 1971323
325044800 0 0 1 0 0 0 1971323
325048000 0 0 1 0 0 0 1971323
325051200 0 1 1 0 0 0 1971323
325054400 0 1 1 0 0 0 1971323
325057600 0 0 1 0 0 0 1971323
325060800 0 0 1 0 0 0 1971323
325064000 0 1 1 0 0 0 1971323
325067200 0 1 1 0 0 0 1971323
325070400 0 0 1 0 0 0 1971323
325073600 0 0 1 0 0 0 1971323
325076800 0 0 1 0 0 0 1971323
325080000 0 0 1 0 0 0 1971323
325083200 0 0 1 0 0 0 1971323
325086400 0 0 1 0 0 0 1971323
325089600 0 0 1 0 0 0 1971323
325092800 0 0 1 0 0 0 1971323
325096000 0 0 1 0 0 0 1971323
325099200 0 1 1 0 0 0 1971323
325102400 0 1 1 0 0 0 1971323
335000000 0 0 1 0 0 0 1971323
335003200 0 0 1 0 0 0 1971323
335006400 0 0 1 0 0 0 1971323
335009600 0 0 1 0 0 0 1971323
335012800 0 0 1 0 0 0 1971323
335016000 0 1 1 0 0 0 1971323
335019200 0 0 1 0 0 0 1971323
335022400 0 0 1 0 0 0 1971323
335025600 0 1 1 0 0 0 1971323
335028800 0 1 1 0 0 0 1971323
335032000 0 1 1 0 0 0 1971323
335035200 0 0 1 0 0 0 1971323
335038400 0 1 1 0 0 0 1971323
335041600 0 1 1 0 0 0 1971323
335044800 0 1 1 0 0 0 1971323
335048000 0 0 1 0 0 0 1971323
335051200 0 1 1 0 0 0 1971323
335054400 0 1 1 0 0 0 1971323
335057600 0 0 1 0 0 0 1971323
335060800 0 0 1 0 0 0 1971323
335064000 0 1 1 0 0 0 1971323
335067200 0 1 1 0 0 0 1971323
335070400 0 0 1 0 0 0 1971323
335073600 0 0 1 0 0 0 1971323
335076800 0 1 1 0 0 0 1971323
335080000 0 0 1 0 0 0 1971323
335083200 0 0 1 0 0 0 1971323
335086400 0 0 1 0 0 0 1971323
335089600 0 0 1 0 0 0 1971323
335092800 0 1 1 0 0 0 1971323
335096000 0 0 1 0 0 0 1971323
335099200 0 1 1 0 0 0 1971323
335102400 0 1 1 0 0 0 1971323
415000000 0 0 1 0 0 0 1971323
415003200 0 0 1 0 0 0 1971323
415006400 0 0 1 0 0 0 1971323
415009600 0 0 1 0 0 0 1971323
415012800 0 0 1 0 0 0 1971323
415016000 0 0 1 0 0 0 1971323
415019200 0 0 1 0 0 0 1971323
415022400 0 0 1 0 0 0 1971323
415025600 0 1 1 0 0 0 1971323
415028800 0 1 1 0 0 0 1971323
415032000 0 1 1 0 0 0 1971323
415035200 0 0 1 0 0 0 1971323
415038400 0 1 1 0 0 0 1971323
415041600 0 1 1 0 0 0 1971323
415044800 0 1 1 0 0 0 1971323
415048000 0 0 1 0 0 0 1971323
415051200 0 1 1 0 0 0 1971323
415054400 0 1 1 0 0 0 1971323
415057600 0 0 1 0 0 0 1971323
415060800 0 0 1 0 0 0 1971323
415064000 0 1 1 0 0 0 1971323
415067200 0 1 1 0 0 0 1971323
415070400 0 0 1 0 0 0 1971323
415073600 0 0 1 0 0 0 1971323
415076800 0 0 1 0 0 0 1971323
415080000 0 0 1 0 0 0 1971323
415083200 0 0 1 0 0 0 1971323
415086400 0 0 1 0 0 0 1971323
415089600 0 0 1 0 0 0 1971323
415092800 0 0 1 0 0 0 1971323
415096000 0 0 1 0 0 0 1971323
415099200 0 1 1 0 0 0 1971323
415102400 0 1 1 0 0 0 1971323
430000000 0 0 1 0 0 0 1971323
430003200 0 0 1 0 0 0 1971323
430006400 0 0 1 0 0 0 1971323
430009600 0 0 1 0 0 0 1971323
430012800 0 0 1 0 0 0 1971323
430016000 0 1 1 0 0 0 1971323
430019200 0 0 1 0 0 0 1971323
430022400 0 0 1 0 0 0 1971323
430025600 0 1 1 0 0 0 1971323
430028800 0 1 1 0 0 0 1971323
430032000 0 1 1 0 0 0 1971323
430035200 0 0 1 0 0 0 1971323
430038400 0 1 1 0 0 0 1971323
430041600 0 1 1 0 0 0 1971323
430044800 0 0 1 0 0 0 1971323
430048000 0 1 1 0 0 0 1971323
430051200 0 0 1 0 0 0 1971323
430054400 0 1 1 0 0 0 1971323
430057600 0 0 1 0 0 0 1971323
430060800 0 0 1 0 0 0 1971323
430064000 0 1 1 0 0 0 1971323
430067200 0 1 1 0 0 0 1971323
430070400 0 0 1 0 0 0 1971323
430073600 0 0 1 0 0 0 1971323
430076800 0 1 1 0 0 0 1971323
430080000 0 1 1 0 0 0 1971323
430083200 0 1 1 0 0 0 1971323
430086400 0 1 1 0 0 0 1971323
430089600 0 0 1 0 0 0 1971323
430092800 0 1 1 0 0 0 1971323
430096000 0 0 1 0 0 0 1971323
430099200 0 1 1 0 0 0 1971323
430102400 0 1 1 0 0 0 1971323
495000000 0 1 0 1 0 0 1971323
495000002 0 1 0 0 0 0 1971323
530000000 0 1 1 1 0 0 1971323
530000002 0 1 1 0 0 0 1971323
555000000 0 1 1 0 1 3 922747
555000002 0 1 1 0 0 3 922747
555200000 0 1 1 0 1 0 2264924
555200002 0 1 1 0 0 0 2264924
565000000 0 0 1 0 0 0 2264924
565003200 0 0 1 0 0 0 2264924
565006400 0 0 1 0 0 0 2264924
565009600 0 0 1 0 0 0 2264924
565012800 0 0 1 0 0 0 2264924
565016000 0 0 1 0 0 0 2264924
565019200 0 0 1 0 0 0 2264924
565022400 0 0 1 0 0 0 2264924
565025600 0 1 1 0 0 0 2264924
565028800 0 1 1 0 0 0 2264924
565032000 0 1 1 0 0 0 2264924
565035200 0 0 1 0 0 0 2264924
565038400 0 1 1 0 0 0 2264924
565041600 0 1 1 0 0 0 2264924
565044800 0 0 1 0 0 0 2264924
565048000 0 1 1 0 0 0 2264924
565051200 0 0 1 0 0 0 2264924
565054400 0 1 1 0 0 0 2264924
565057600 0 0 1 0 0 0 2264924
565060800 0 0 1 0 0 0 2264924
565064000 0 1 1 0 0 0 2264924
565067200 0 1 1 0 0 0 2264924
565070400 0 0 1 0 0 0 2264924
565073600 0 0 1 0 0 0 2264924
565076800 0 0 1 0 0 0 2264924
565080000 0 0 1 0 0 0 2264924
565083200 0 0 1 0 0 0 2264924
565086400 0 0 1 0 0 0 2264924
565089600 0 0 1 0 0 0 2264924
565092800 0 0 1 0 0 0 2264924
565096000 0 0 1 0 0 0 2264924
565099200 0 1 1 0 0 0 2264924
565102400 0 1 1 0 0 0 2264924
565105600 0 0 1 0 0 0 2264924
565108800 0 0 1 0 0 0 2264924
565112000 0 0 1 0 0 0 2264924
565115200 0 0 1 0 0 0 2264924
565118400 0 0 1 0 0 0 2264924
565121600 0 1 1 0 0 0 2264924
565124800 0 0 1 0 0 0 2264924
565128000 0 0 1 0 0 0 2264924
565131200 0 1 1 0 0 0 2264924
565134400 0 1 1 0 0 0 2264924
565137600 0 1 1 0 0 0 2264924
565140800 0 0 1 0 0 0 2264924
565144000 0 1 1 0 0 0 2264924
565147200 0 0 1 0 0 0 2264924
565150400 0 0 1 0 0 0 2264924
565153600 0 1 1 0 0 0 2264924
565156800 0 1 1 0 0 0 2264924
565160000 0 1 1 0 0 0 2264924
565163200 0 0 1 0 0 0 2264924
565166400 0 0 1 0 0 0 2264924
565169600 0 1 1 0 0 0 2264924
565172800 0 1 1 0 0 0 2264924
565176000 0 0 1 0 0 0 2264924
565179200 0 0 1 0 0 0 2264924
565182400 0 1 1 0 0 0 2264924
565185600 0 1 1 0 0 0 2264924
565188800 0 1 1 0 0 0 2264924
565192000 0 1 1 0 0 0 2264924
565195200 0 1 1 0 0 0 2264924
565198400 0 0 1 0 0 0 2264924
565201600 0 0 1 0 0 0 2264924
565204800 0 1 1 0 0 0 2264924
565208000 0 1 1 0 0 0 2264924
565211200 0 0 1 0 0 0 2264924
565214400 0 0 1 0 0 0 2264924
565217600 0 0 1 0 0 0 2264924
565220800 0 0 1 0 0 0 2264924
565224000 0 0 1 0 0 0 2264924
565227200 0 0 1 0 0 0 2264924
565230400 0 0 1 0 0 0 2264924
565233600 0 0 1 0 0 0 2264924
565236800 0 1 1 0 0 0 2264924
565240000 0 1 1 0 0 0 2264924
565243200 0 1 1 0 0 0 2264924
565246400 0 0 1 0 0 0 2264924
565249600 0 1 1 0 0 0 2264924
565252800 0 0 1 0 0 0 2264924
565256000 0 0 1 0 0 0 2264924
565259200 0 1 1 0 0 0 2264924
565262400 0 1 1 0 0 0 2264924
565265600 0 1 1 0 0 0 2264924
565268800 0 0 1 0 0 0 2264924
565272000 0 0 1 0 0 0 2264924
565275200 0 1 1 0 0 0 2264924
565278400 0 1 1 0 0 0 2264924
565281600 0 0 1 0 0 0 2264924
565284800 0 0 1 0 0 0 2264924
565288000 0 0 1 0 0 0 2264924
565291200 0 0 1 0 0 0 2264924
565294400 0 0 1 0 0 0 2264924
565297600 0 0 1 0 0 0 2264924
565300800 0 0 1 0 0 0 2264924
565304000 0 0 1 0 0 0 2264924
565307200 0 0 1 0 0 0 2264924
565310400 0 1 1 0 0 0 2264924
565313600 0 1 1 0 0 0 2264924
565316800 0 0 1 0 0 0 2264924
565320000 0 0 1 0 0 0 2264924
565323200 0 0 1 0 0 0 2264924
565326400 0 0 1 0 0 0 2264924
565329600 0 0 1 0 0 0 2264924
565332800 0 1 1 0 0 0 2264924
565336000 0 0 1 0 0 0 2264924
565339200 0 0 1 0 0 0 2264924
565342400 0 1 1 0 0 0 2264924
565345600 0 1 1 0 0 0 2264924
565348800 0 1 1 0 0 0 2264924
565352000 0 0 1 0 0 0 2264924
565355200 0 0 1 0 0 0 2264924
565358400 0 0 1 0 0 0 2264924
565361600 0 1 1 0 0 0 2264924
565364800 0 1 1 0 0 0 2264924
565368000 0 1 1 0 0 0 2264924
565371200 0 1 1 0 0 0 2264924
565374400 0 0 1 0 0 0 2264924
565377600 0 0 1 0 0 0 2264924
565380800 0 1 1 0 0 0 2264924
565384000 0 1 1 0 0 0 2264924
565387200 0 0 1 0 0 0 2264924
565390400 0 1 1 0 0 0 2264924
565393600 0 1 1 0 0 0 2264924
565396800 0 1 1 0 0 0 2264924
565400000 0 0 1 0 0 0 2264924
565403200 0 1 1 0 0 0 2264924
565406400 0 1 1 0 0 0 2264924
565409600 0 0 1 0 0 0 2264924
565412800 0 0 1 0 0 0 2264924
565416000 0 1 1 0 0 0 2264924
565419200 0 1 1 0 0 0 2264924
565422400 0 0 1 0 0 0 2264924
565425600 0 0 1 0 0 0 2264924
565428800 0 0 1 0 0 0 2264924
565432000 0 0 1 0 0 0 2264924
565435200 0 0 1 0 0 0 2264924
565438400 0 0 1 0 0 0 2264924
565441600 0 0 1 0 0 0 2264924
565444800 0 0 1 0 0 0 2264924
565448000 0 1 1 0 0 0 2264924
565451200 0 1 1 0 0 0 2264924
565454400 0 1 1 0 0 0 2264924
565457600 0 0 1 0 0 0 2264924
565460800 0 0 1 0 0 0 2264924
565464000 0 0 1 0 0 0 2264924
565467200 0 1 1 0 0 0 2264924
565470400 0 1 1 0 0 0 2264924
565473600 0 1 1 0 0 0 2264924
565476800 0 1 1 0 0 0 2264924
565480000 0 0 1 0 0 0 2264924
565483200 0 0 1 0 0 0 2264924
565486400 0 1 1 0 0 0 2264924
565489600 0 1 1 0 0 0 2264924
565492800 0 0 1 0 0 0 2264924
565496000 0 0 1 0 0 0 2264924
565499200 0 0 1 0 0 0 2264924
565502400 0 0 1 0 0 0 2264924
565505600 0 0 1 0 0 0 2264924
565508800 0 0 1 0 0 0 2264924
565512000 0 0 1 0 0 0 2264924
565515200 0 0 1 0 0 0 2264924
565518400 0 0 1 0 0 0 2264924
565521600 0 1 1 0 0 0 2264924
565524800 0 1 1 0 0 0 2264924
565528000 0 0 1 0 0 0 2264924
565531200 0 0 1 0 0 0 2264924
565534400 0 0 1 0 0 0 2264924
565537600 0 0 1 0 0 0 2264924
565540800 0 0 1 0 0 0 2264924
565544000 0 1 1 0 0 0 2264924
565547200 0 0 1 0 0 0 2264924
565550400 0 0 1 0 0 0 2264924
565553600 0 1 1 0 0 0 2264924
565556800 0 1 1 0 0 0 2264924
565560000 0 1 1 0 0 0 2264924
565563200 0 0 1 0 0 0 2264924
565566400 0 0 1 0 0 0 2264924
565569600 0 1 1 0 0 0 2264924
565572800 0 0 1 0 0 0 2264924
565576000 0 0 1 0 0 0 2264924
565579200 0 1 1 0 0 0 2264924
565582400 0 1 1 0 0 0 2264924
565585600 0 0 1 0 0 0 2264924
565588800 0 0 1 0 0 0 2264924
565592000 0 1 1 0 0 0 2264924
565595200 0 1 1 0 0 0 2264924
565598400 0 0 1 0 0 0 2264924
565601600 0 0 1 0 0 0 2264924
565604800 0 1 1 0 0 0 2264924
565608000 0 0 1 0 0 0 2264924
565611200 0 0 1 0 0 0 2264924
565614400 0 1 1 0 0 0 2264924
565617600 0 0 1 0 0 0 2264924
565620800 0 1 1 0 0 0 2264924
565624000 0 0 1 0 0 0 2264924
565627200 0 1 1 0 0 0 2264924
565630400 0 1 1 0 0 0 2264924
662000000 0 0 1 0 0 0 2264924
662003200 0 0 1 0 0 0 2264924
662006400 0 0 1 0 0 0 2264924
662009600 0 0 1 0 0 0 2264924
662012800 0 0 1 0 0 0 2264924
662016000 0 0 1 0 0 0 2264924
662019200 0 0 1 0 0 0 2264924
662022400 0 0 1 0 0 0 2264924
662025600 0 1 1 0 0 0 2264924
662028800 0 1 1 0 0 0 2264924
662032000 0 1 1 0 0 0 2264924
662035200 0 0 1 0 0 0 2264924
662038400 0 0 1 0 0 0 2264924
662041600 0 1 1 0 0 0 2264924
662044800 0 0 1 0 0 0 2264924
662048000 0 0 1 0 0 0 2264924
662051200 0 1 1 0 0 0 2264924
662054400 0 1 1 0 0 0 2264924
662057600 0 0 1 0 0 0 2264924
662060800 0 0 1 0 0 0 2264924
662064000 0 1 1 0 0 0 2264924
662067200 0 1 1 0 0 0 2264924
662070400 0 0 1 0 0 0 2264924
662073600 0 0 1 0 0 0 2264924
662076800 0 0 1 0 0 0 2264924
662080000 0 0 1 0 0 0 2264924
662083200 0 0 1 0 0 0 2264924
662086400 0 0 1 0 0 0 2264924
662089600 0 0 1 0 0 0 2264924
662092800 0 0 1 0 0 0 2264924
662096000 0 0 1 0 0 0 2264924
662099200 0 1 1 0 0 0 2264924
662102400 0 1 1 0 0 0 2264924
665000000 0 0 1 0 0 0 2264924
665003200 0 0 1 0 0 0 2264924
665006400 0 0 1 0 0 0 2264924
665009600 0 0 1 0 0 0 2264924
665012800 0 0 1 0 0 0 2264924
665016000 0 1 1 0 0 0 2264924
665019200 0 0 1 0 0 0 2264924
665022400 0 0 1 0 0 0 2264924
665025600 0 1 1 0 0 0 2264924
665028800 0 1 1 0 0 0 2264924
665032000 0 1 1 0 0 0 2264924
665035200 0 0 1 0 0 0 2264924
665038400 0 1 1 0 0 0 2264924
665041600 0 0 1 0 0 0 2264924
665044800 0 0 1 0 0 0 2264924
665048000 0 1 1 0 0 0 2264924
665051200 0 1 1 0 0 0 2264924
665054400 0 1 1 0 0 0 2264924
665057600 0 0 1 0 0 0 2264924
665060800 0 0 1 0 0 0 2264924
665064000 0 1 1 0 0 0 2264924
665067200 0 1 1 0 0 0 2264924
665070400 0 0 1 0 0 0 2264924
665073600 0 0 1 0 0 0 2264924
665076800 0 1 1 0 0 0 2264924
665080000 0 1 1 0 0 0 2264924
665083200 0 0 1 0 0 0 2264924
665086400 0 0 1 0 0 0 2264924
665089600 0 0 1 0 0 0 2264924
665092800 0 1 1 0 0 0 2264924
665096000 0 0 1 0 0 0 2264924
665099200 0 1 1 0 0 0 2264924
665102400 0 1 1 0 0 0 2264924
743000000 0 0 1 0 0 0 2264924
743003200 0 0 1 0 0 0 2264924
743006400 0 0 1 0 0 0 2264924
743009600 0 0 1 0 0 0 2264924
743012800 0 0 1 0 0 0 2264924
743016000 0 0 1 0 0 0 2264924
743019200 0 0 1 0 0 0 2264924
743022400 0 0 1 0 0 0 2264924
743025600 0 1 1 0 0 0 2264924
743028800 0 1 1 0 0 0 2264924
743032000 0 1 1 0 0 0 2264924
743035200 0 0 1 0 0 0 2264924
743038400 0 1 1 0 0 0 2264924
743041600 0 0 1 0 0 0 2264924
743044800 0 0 1 0 0 0 2264924
743048000 0 1 1 0 0 0 2264924
743051200 0 1 1 0 0 0 2264924
743054400 0 1 1 0 0 0 2264924
743057600 0 0 1 0 0 0 2264924
743060800 0 0 1 0 0 0 2264924
743064000 0 1 1 0 0 0 2264924
743067200 0 1 1 0 0 0 2264924
743070400 0 0 1 0 0 0 2264924
743073600 0 0 1 0 0 0 2264924
743076800 0 0 1 0 0 0 2264924
743080000 0 0 1 0 0 0 2264924
743083200 0 0 1 0 0 0 2264924
743086400 0 0 1 0 0 0 2264924
743089600 0 0 1 0 0 0 2264924
743092800 0 0 1 0 0 0 2264924
743096000 0 0 1 0 0 0 2264924
743099200 0 1 1 0 0 0 2264924
743102400 0 1 1 0 0 0 2264924
748000000 0 0 1 0 0 0 2264924
748003200 0 0 1 0 0 0 2264924
748006400 0 0 1 0 0 0 2264924
748009600 0 0 1 0 0 0 2264924
748012800 0 0 1 0 0 0 2264924
748016000 0 1 1 0 0 0 2264924
748019200 0 0 1 0 0 0 2264924
748022400 0 0 1 0 0 0 2264924
748025600 0 1 1 0 0 0 2264924
748028800 0 1 1 0 0 0 2264924
748032000 0 1 1 0 0 0 2264924
748035200 0 0 1 0 0 0 2264924
748038400 0 0 1 0 0 0 2264924
748041600 0 0 1 0 0 0 2264924
748044800 0 1 1 0 0 0 2264924
748048000 0 0 1 0 0 0 2264924
748051200 0 1 1 0 0 0 2264924
748054400 0 1 1 0 0 0 2264924
748057600 0 0 1 0 0 0 2264924
748060800 0 0 1 0 0 0 2264924
748064000 0 1 1 0 0 0 2264924
748067200 0 1 1 0 0 0 2264924
748070400 0 0 1 0 0 0 2264924
748073600 0 0 1 0 0 0 2264924
748076800 0 0 1 0 0 0 2264924
748080000 0 1 1 0 0 0 2264924
748083200 0 1 1 0 0 0 2264924
748086400 0 1 1 0 0 0 2264924
748089600 0 0 1 0 0 0 2264924
748092800 0 1 1 0 0 0 2264924
748096000 0 0 1 0 0 0 2264924
748099200 0 1 1 0 0 0 2264924
748102400 0 1 1 0 0 0 2264924
868000000 0 0 1 0 0 0 2264924
868003200 0 0 1 0 0 0 2264924
868006400 0 0 1 0 0 0 2264924
868009600 0 0 1 0 0 0 2264924
868012800 0 0 1 0 0 0 2264924
868016000 0 0 1 0 0 0 2264924
868019200 0 0 1 0 0 0 2264924
868022400 0 0 1 0 0 0 2264924
868025600 0 1 1 0 0 0 2264924
868028800 0 1 1 0 0 0 2264924
868032000 0 1 1 0 0 0 2264924
868035200 0 0 1 0 0 0 2264924
868038400 0 0 1 0 0 0 2264924
868041600 0 0 1 0 0 0 2264924
868044800 0 1 1 0 0 0 2264924
868048000 0 0 1 0 0 0 2264924
868051200 0 1 1 0 0 0 2264924
868054400 0 1 1 0 0 0 2264924
868057600 0 0 1 0 0 0 2264924
868060800 0 0 1 0 0 0 2264924
868064000 0 1 1 0 0 0 2264924
868067200 0 1 1 0 0 0 2264924
868070400 0 0 1 0 0 0 2264924
868073600 0 0 1 0 0 0 2264924
868076800 0 0 1 0 0 0 2264924
868080000 0 0 1 0 0 0 2264924
868083200 0 0 1 0 0 0 2264924
868086400 0 0 1 0 0 0 2264924
868089600 0 0 1 0 0 0 2264924
868092800 0 0 1 0 0 0 2264924
868096000 0 0 1 0 0 0 2264924
868099200 0 1 1 0 0 0 2264924
868102400 0 1 1 0 0 0 2264924
870000000 0 0 1 0 0 0 2264924
870003200 0 0 1 0 0 0 2264924
870006400 0 0 1 0 0 0 2264924
870009600 0 0 1 0 0 0 2264924
870012800 0 0 1 0 0 0 2264924
870016000 0 1 1 0 0 0 2264924
870019200 0 0 1 0 0 0 2264924
870022400 0 0 1 0 0 0 2264924
870025600 0 1 1 0 0 0 2264924
870028800 0 1 1 0 0 0 2264924
870032000 0 1 1 0 0 0 2264924
870035200 0 0 1 0 0 0 2264924
870038400 0 1 1 0 0 0 2264924
870041600 0 1 1 0 0 0 2264924
870044800 0 0 1 0 0 0 2264924
870048000 0 1 1 0 0 0 2264924
870051200 0 1 1 0 0 0 2264924
870054400 0 1 1 0 0 0 2264924
870057600 0 0 1 0 0 0 2264924
870060800 0 0 1 0 0 0 2264924
870064000 0 1 1 0 0 0 2264924
870067200 0 1 1 0 0 0 2264924
870070400 0 0 1 0 0 0 2264924
870073600 0 0 1 0 0 0 2264924
870076800 0 0 1 0 0 0 2264924
870080000 0 1 1 0 0 0 2264924
870083200 0 0 1 0 0 0 2264924
870086400 0 0 1 0 0 0 2264924
870089600 0 0 1 0 0 0 2264924
870092800 0 1 1 0 0 0 2264924
870096000 0 0 1 0 0 0 2264924
870099200 0 1 1 0 0 0 2264924
870102400 0 1 1 0 0 0 2264924
942000000 0 0 1 0 0 0 2264924
942003200 0 0 1 0 0 0 2264924
942006400 0 0 1 0 0 0 2264924
942009600 0 0 1 0 0 0 2264924
942012800 0 0 1 0 0 0 2264924
942016000 0 0 1 0 0 0 2264924
942019200 0 0 1 0 0 0 2264924
942022400 0 0 1 0 0 0 2264924
942025600 0 1 1 0 0 0 2264924
942028800 0 1 1 0 0 0 2264924
942032000 0 1 1 0 0 0 2264924
942035200 0 0 1 0 0 0 2264924
942038400 0 1 1 0 0 0 2264924
942041600 0 1 1 0 0 0 2264924
942044800 0 0 1 0 0 0 2264924
942048000 0 1 1 0 0 0 2264924
942051200 0 1 1 0 0 0 2264924
942054400 0 1 1 0 0 0 2264924
942057600 0 0 1 0 0 0 2264924
942060800 0 0 1 0 0 0 2264924
942064000 0 1 1 0 0 0 2264924
942067200 0 1 1 0 0 0 2264924
942070400 0 0 1 0 0 0 2264924
942073600 0 0 1 0 0 0 2264924
942076800 0 0 1 0 0 0 2264924
942080000 0 0 1 0 0 0 2264924
942083200 0 0 1 0 0 0 2264924
942086400 0 0 1 0 0 0 2264924
942089600 0 0 1 0 0 0 2264924
942092800 0 0 1 0 0 0 2264924
942096000 0 0 1 0 0 0 2264924
942099200 0 1 1 0 0 0 2264924
942102400 0 1 1 0 0 0 2264924
