0 1 1 0 0 0 0 0
64 0 1 0 0 0 0 0
100000 0 1 1 1 0 0 0
100002 0 1 1 0 0 0 0
600000 0 1 1 0 1 3 503316
600002 0 1 1 0 0 3 503316
800000 0 1 1 0 1 0 2097152
800002 0 1 1 0 0 0 2097152
2000000 0 0 1 0 0 0 2097152
2003200 0 0 1 0 0 0 2097152
2006400 0 0 1 0 0 0 2097152
2009600 0 0 1 0 0 0 2097152
2012800 0 0 1 0 0 0 2097152
2016000 0 1 1 0 0 0 2097152
2019200 0 0 1 0 0 0 2097152
2022400 0 0 1 0 0 0 2097152
2025600 0 1 1 0 0 0 2097152
2028800 0 1 1 0 0 0 2097152
2032000 0 1 1 0 0 0 2097152
2035200 0 0 1 0 0 0 2097152
2038400 0 1 1 0 0 0 2097152
2041600 0 0 1 0 0 0 2097152
2044800 0 1 1 0 0 0 2097152
2048000 0 1 1 0 0 0 2097152
2051200 0 0 1 0 0 0 2097152
2054400 0 1 1 0 0 0 2097152
2057600 0 0 1 0 0 0 2097152
2060800 0 0 1 0 0 0 2097152
2064000 0 1 1 0 0 0 2097152
2067200 0 1 1 0 0 0 2097152
2070400 0 0 1 0 0 0 2097152
2073600 0 0 1 0 0 0 2097152
2076800 0 0 1 0 0 0 2097152
2080000 0 0 1 0 0 0 2097152
2083200 0 0 1 0 0 0 2097152
2086400 0 0 1 0 0 0 2097152
2089600 0 1 1 0 0 0 2097152
2092800 0 1 1 0 0 0 2097152
2096000 0 0 1 0 0 0 2097152
2099200 0 1 1 0 0 0 2097152
2102400 0 1 1 0 0 0 2097152
6500000 0 0 1 0 0 0 2097152
6503200 0 0 1 0 0 0 2097152
6506400 0 0 1 0 0 0 2097152
6509600 0 0 1 0 0 0 2097152
6512800 0 0 1 0 0 0 2097152
6516000 0 1 1 0 0 0 2097152
6519200 0 0 1 0 0 0 2097152
6522400 0 0 1 0 0 0 2097152
6525600 0 1 1 0 0 0 2097152
6528800 0 1 1 0 0 0 2097152
6532000 0 1 1 0 0 0 2097152
6535200 0 0 1 0 0 0 2097152
6538400 0 1 1 0 0 0 2097152
6541600 0 0 1 0 0 0 2097152
6544800 0 0 1 0 0 0 2097152
6548000 0 1 1 0 0 0 2097152
6551200 0 1 1 0 0 0 2097152
6554400 0 1 1 0 0 0 2097152
6557600 0 0 1 0 0 0 2097152
6560800 0 0 1 0 0 0 2097152
6564000 0 1 1 0 0 0 2097152
6567200 0 1 1 0 0 0 2097152
6570400 0 0 1 0 0 0 2097152
6573600 0 0 1 0 0 0 2097152
6576800 0 1 1 0 0 0 2097152
6580000 0 0 1 0 0 0 2097152
6583200 0 1 1 0 0 0 2097152
6586400 0 1 1 0 0 0 2097152
6589600 0 0 1 0 0 0 2097152
6592800 0 1 1 0 0 0 2097152
6596000 0 0 1 0 0 0 2097152
6599200 0 1 1 0 0 0 2097152
6602400 0 1 1 0 0 0 2097152
11000000 0 0 1 0 0 0 2097152
11003200 0 0 1 0 0 0 2097152
11006400 0 0 1 0 0 0 2097152
11009600 0 0 1 0 0 0 2097152
11012800 0 0 1 0 0 0 2097152
11016000 0 1 1 0 0 0 2097152
11019200 0 0 1 0 0 0 2097152
11022400 0 0 1 0 0 0 2097152
11025600 0 1 1 0 0 0 2097152
11028800 0 1 1 0 0 0 2097152
11032000 0 1 1 0 0 0 2097152
11035200 0 0 1 0 0 0 2097152
11038400 0 0 1 0 0 0 2097152
11041600 0 0 1 0 0 0 2097152
11044800 0 1 1 0 0 0 2097152
11048000 0 1 1 0 0 0 2097152
11051200 0 1 1 0 0 0 2097152
11054400 0 1 1 0 0 0 2097152
11057600 0 0 1 0 0 0 2097152
11060800 0 0 1 0 0 0 2097152
11064000 0 1 1 0 0 0 2097152
11067200 0 1 1 0 0 0 2097152
11070400 0 0 1 0 0 0 2097152
11073600 0 0 1 0 0 0 2097152
11076800 0 0 1 0 0 0 2097152
11080000 0 1 1 0 0 0 2097152
11083200 0 0 1 0 0 0 2097152
11086400 0 1 1 0 0 0 2097152
11089600 0 0 1 0 0 0 2097152
11092800 0 1 1 0 0 0 2097152
11096000 0 0 1 0 0 0 2097152
11099200 0 1 1 0 0 0 2097152
11102400 0 1 1 0 0 0 2097152
15500000 0 0 1 0 0 0 2097152
15503200 0 0 1 0 0 0 2097152
15506400 0 0 1 0 0 0 2097152
15509600 0 0 1 0 0 0 2097152
15512800 0 0 1 0 0 0 2097152
15516000 0 1 1 0 0 0 2097152
15519200 0 0 1 0 0 0 2097152
15522400 0 0 1 0 0 0 2097152
15525600 0 1 1 0 0 0 2097152
15528800 0 1 1 0 0 0 2097152
15532000 0 1 1 0 0 0 2097152
15535200 0 0 1 0 0 0 2097152
15538400 0 0 1 0 0 0 2097152
15541600 0 0 1 0 0 0 2097152
15544800 0 0 1 0 0 0 2097152
15548000 0 0 1 0 0 0 2097152
15551200 0 0 1 0 0 0 2097152
15554400 0 0 1 0 0 0 2097152
15557600 0 1 1 0 0 0 2097152
15560800 0 0 1 0 0 0 2097152
15564000 0 1 1 0 0 0 2097152
15567200 0 1 1 0 0 0 2097152
15570400 0 0 1 0 0 0 2097152
15573600 0 0 1 0 0 0 2097152
15576800 0 1 1 0 0 0 2097152
15580000 0 1 1 0 0 0 2097152
15583200 0 1 1 0 0 0 2097152
15586400 0 0 1 0 0 0 2097152
15589600 0 0 1 0 0 0 2097152
15592800 0 1 1 0 0 0 2097152
15596000 0 0 1 0 0 0 2097152
15599200 0 1 1 0 0 0 2097152
15602400 0 1 1 0 0 0 2097152
222000000 0 0 1 0 0 0 2097152
222003200 0 0 1 0 0 0 2097152
222006400 0 0 1 0 0 0 2097152
222009600 0 0 1 0 0 0 2097152
222012800 0 0 1 0 0 0 2097152
222016000 0 0 1 0 0 0 2097152
222019200 0 0 1 0 0 0 2097152
222022400 0 0 1 0 0 0 2097152
222025600 0 1 1 0 0 0 2097152
222028800 0 1 1 0 0 0 2097152
222032000 0 1 1 0 0 0 2097152
222035200 0 0 1 0 0 0 2097152
222038400 0 1 1 0 0 0 2097152
222041600 0 0 1 0 0 0 2097152
222044800 0 1 1 0 0 0 2097152
222048000 0 1 1 0 0 0 2097152
222051200 0 0 1 0 0 0 2097152
222054400 0 1 1 0 0 0 2097152
222057600 0 0 1 0 0 0 2097152
222060800 0 0 1 0 0 0 2097152
222064000 0 1 1 0 0 0 2097152
222067200 0 1 1 0 0 0 2097152
222070400 0 0 1 0 0 0 2097152
222073600 0 0 1 0 0 0 2097152
222076800 0 0 1 0 0 0 2097152
222080000 0 0 1 0 0 0 2097152
222083200 0 0 1 0 0 0 2097152
222086400 0 0 1 0 0 0 2097152
222089600 0 0 1 0 0 0 2097152
222092800 0 0 1 0 0 0 2097152
222096000 0 0 1 0 0 0 2097152
222099200 0 1 1 0 0 0 2097152
222102400 0 1 1 0 0 0 2097152
226500000 0 0 1 0 0 0 2097152
226503200 0 0 1 0 0 0 2097152
226506400 0 0 1 0 0 0 2097152
226509600 0 0 1 0 0 0 2097152
226512800 0 0 1 0 0 0 2097152
226516000 0 0 1 0 0 0 2097152
226519200 0 0 1 0 0 0 2097152
226522400 0 0 1 0 0 0 2097152
226525600 0 1 1 0 0 0 2097152
226528800 0 1 1 0 0 0 2097152
226532000 0 1 1 0 0 0 2097152
226535200 0 0 1 0 0 0 2097152
226538400 0 1 1 0 0 0 2097152
226541600 0 0 1 0 0 0 2097152
226544800 0 0 1 0 0 0 2097152
226548000 0 1 1 0 0 0 2097152
226551200 0 1 1 0 0 0 2097152
226554400 0 1 1 0 0 0 2097152
226557600 0 0 1 0 0 0 2097152
226560800 0 0 1 0 0 0 2097152
226564000 0 1 1 0 0 0 2097152
226567200 0 1 1 0 0 0 2097152
226570400 0 0 1 0 0 0 2097152
226573600 0 0 1 0 0 0 2097152
226576800 0 0 1 0 0 0 2097152
226580000 0 0 1 0 0 0 2097152
226583200 0 0 1 0 0 0 2097152
226586400 0 0 1 0 0 0 2097152
226589600 0 0 1 0 0 0 2097152
226592800 0 0 1 0 0 0 2097152
226596000 0 0 1 0 0 0 2097152
226599200 0 1 1 0 0 0 2097152
226602400 0 1 1 0 0 0 2097152
231000000 0 0 1 0 0 0 2097152
231003200 0 0 1 0 0 0 2097152
231006400 0 0 1 0 0 0 2097152
231009600 0 0 1 0 0 0 2097152
231012800 0 0 1 0 0 0 2097152
231016000 0 0 1 0 0 0 2097152
231019200 0 0 1 0 0 0 2097152
231022400 0 0 1 0 0 0 2097152
231025600 0 1 1 0 0 0 2097152
231028800 0 1 1 0 0 0 2097152
231032000 0 1 1 0 0 0 2097152
231035200 0 0 1 0 0 0 2097152
231038400 0 0 1 0 0 0 2097152
231041600 0 0 1 0 0 0 2097152
231044800 0 1 1 0 0 0 2097152
231048000 0 1 1 0 0 0 2097152
231051200 0 1 1 0 0 0 2097152
231054400 0 1 1 0 0 0 2097152
231057600 0 0 1 0 0 0 2097152
231060800 0 0 1 0 0 0 2097152
231064000 0 1 1 0 0 0 2097152
231067200 0 1 1 0 0 0 2097152
231070400 0 0 1 0 0 0 2097152
231073600 0 0 1 0 0 0 2097152
231076800 0 0 1 0 0 0 2097152
231080000 0 0 1 0 0 0 2097152
231083200 0 0 1 0 0 0 2097152
231086400 0 0 1 0 0 0 2097152
231089600 0 0 1 0 0 0 2097152
231092800 0 0 1 0 0 0 2097152
231096000 0 0 1 0 0 0 2097152
231099200 0 1 1 0 0 0 2097152
231102400 0 1 1 0 0 0 2097152
232000000 0 0 1 0 0 0 2097152
232003200 0 0 1 0 0 0 2097152
232006400 0 0 1 0 0 0 2097152
232009600 0 0 1 0 0 0 2097152
232012800 0 0 1 0 0 0 2097152
232016000 0 1 1 0 0 0 2097152
232019200 0 0 1 0 0 0 2097152
232022400 0 0 1 0 0 0 2097152
232025600 0 1 1 0 0 0 2097152
232028800 0 1 1 0 0 0 2097152
232032000 0 1 1 0 0 0 2097152
232035200 0 0 1 0 0 0 2097152
232038400 0 1 1 0 0 0 2097152
232041600 0 0 1 0 0 0 2097152
232044800 0 0 1 0 0 0 2097152
232048000 0 1 1 0 0 0 2097152
232051200 0 0 1 0 0 0 2097152
232054400 0 1 1 0 0 0 2097152
232057600 0 0 1 0 0 0 2097152
232060800 0 0 1 0 0 0 2097152
232064000 0 1 1 0 0 0 2097152
232067200 0 1 1 0 0 0 2097152
232070400 0 0 1 0 0 0 2097152
232073600 0 0 1 0 0 0 2097152
232076800 0 0 1 0 0 0 2097152
232080000 0 1 1 0 0 0 2097152
232083200 0 0 1 0 0 0 2097152
232086400 0 1 1 0 0 0 2097152
232089600 0 0 1 0 0 0 2097152
232092800 0 1 1 0 0 0 2097152
232096000 0 0 1 0 0 0 2097152
232099200 0 1 1 0 0 0 2097152
232102400 0 1 1 0 0 0 2097152
235500000 0 0 1 0 0 0 2097152
235503200 0 0 1 0 0 0 2097152
235506400 0 0 1 0 0 0 2097152
235509600 0 0 1 0 0 0 2097152
235512800 0 0 1 0 0 0 2097152
235516000 0 0 1 0 0 0 2097152
235519200 0 0 1 0 0 0 2097152
235522400 0 0 1 0 0 0 2097152
235525600 0 1 1 0 0 0 2097152
235528800 0 1 1 0 0 0 2097152
235532000 0 1 1 0 0 0 2097152
235535200 0 0 1 0 0 0 2097152
235538400 0 0 1 0 0 0 2097152
235541600 0 0 1 0 0 0 2097152
235544800 0 0 1 0 0 0 2097152
235548000 0 0 1 0 0 0 2097152
235551200 0 0 1 0 0 0 2097152
235554400 0 0 1 0 0 0 2097152
235557600 0 1 1 0 0 0 2097152
235560800 0 0 1 0 0 0 2097152
235564000 0 1 1 0 0 0 2097152
235567200 0 1 1 0 0 0 2097152
235570400 0 0 1 0 0 0 2097152
235573600 0 0 1 0 0 0 2097152
235576800 0 0 1 0 0 0 2097152
235580000 0 0 1 0 0 0 2097152
235583200 0 0 1 0 0 0 2097152
235586400 0 0 1 0 0 0 2097152
235589600 0 0 1 0 0 0 2097152
235592800 0 0 1 0 0 0 2097152
235596000 0 0 1 0 0 0 2097152
235599200 0 1 1 0 0 0 2097152
235602400 0 1 1 0 0 0 2097152
236500000 0 0 1 0 0 0 2097152
236503200 0 0 1 0 0 0 2097152
236506400 0 0 1 0 0 0 2097152
236509600 0 0 1 0 0 0 2097152
236512800 0 0 1 0 0 0 2097152
236516000 0 1 1 0 0 0 2097152
236519200 0 0 1 0 0 0 2097152
236522400 0 0 1 0 0 0 2097152
236525600 0 1 1 0 0 0 2097152
236528800 0 1 1 0 0 0 2097152
236532000 0 1 1 0 0 0 2097152
236535200 0 0 1 0 0 0 2097152
236538400 0 1 1 0 0 0 2097152
236541600 0 0 1 0 0 0 2097152
236544800 0 0 1 0 0 0 2097152
236548000 0 1 1 0 0 0 2097152
236551200 0 1 1 0 0 0 2097152
236554400 0 1 1 0 0 0 2097152
236557600 0 0 1 0 0 0 2097152
236560800 0 0 1 0 0 0 2097152
236564000 0 1 1 0 0 0 2097152
236567200 0 1 1 0 0 0 2097152
236570400 0 0 1 0 0 0 2097152
236573600 0 0 1 0 0 0 2097152
236576800 0 1 1 0 0 0 2097152
236580000 0 1 1 0 0 0 2097152
236583200 0 1 1 0 0 0 2097152
236586400 0 0 1 0 0 0 2097152
236589600 0 0 1 0 0 0 2097152
236592800 0 1 1 0 0 0 2097152
236596000 0 0 1 0 0 0 2097152
236599200 0 1 1 0 0 0 2097152
236602400 0 1 1 0 0 0 2097152
241000000 0 0 1 0 0 0 2097152
241003200 0 0 1 0 0 0 2097152
241006400 0 0 1 0 0 0 2097152
241009600 0 0 1 0 0 0 2097152
241012800 0 0 1 0 0 0 2097152
241016000 0 1 1 0 0 0 2097152
241019200 0 0 1 0 0 0 2097152
241022400 0 0 1 0 0 0 2097152
241025600 0 1 1 0 0 0 2097152
241028800 0 1 1 0 0 0 2097152
241032000 0 1 1 0 0 0 2097152
241035200 0 0 1 0 0 0 2097152
241038400 0 0 1 0 0 0 2097152
241041600 0 0 1 0 0 0 2097152
241044800 0 1 1 0 0 0 2097152
241048000 0 1 1 0 0 0 2097152
241051200 0 1 1 0 0 0 2097152
241054400 0 1 1 0 0 0 2097152
241057600 0 0 1 0 0 0 2097152
241060800 0 0 1 0 0 0 2097152
241064000 0 1 1 0 0 0 2097152
241067200 0 1 1 0 0 0 2097152
241070400 0 0 1 0 0 0 2097152
241073600 0 0 1 0 0 0 2097152
241076800 0 0 1 0 0 0 2097152
241080000 0 0 1 0 0 0 2097152
241083200 0 1 1 0 0 0 2097152
241086400 0 0 1 0 0 0 2097152
241089600 0 0 1 0 0 0 2097152
241092800 0 1 1 0 0 0 2097152
241096000 0 0 1 0 0 0 2097152
241099200 0 1 1 0 0 0 2097152
241102400 0 1 1 0 0 0 2097152
245500000 0 0 1 0 0 0 2097152
245503200 0 0 1 0 0 0 2097152
245506400 0 0 1 0 0 0 2097152
245509600 0 0 1 0 0 0 2097152
245512800 0 0 1 0 0 0 2097152
245516000 0 1 1 0 0 0 2097152
245519200 0 0 1 0 0 0 2097152
245522400 0 0 1 0 0 0 2097152
245525600 0 1 1 0 0 0 2097152
245528800 0 1 1 0 0 0 2097152
245532000 0 1 1 0 0 0 2097152
245535200 0 0 1 0 0 0 2097152
245538400 0 1 1 0 0 0 2097152
245541600 0 0 1 0 0 0 2097152
245544800 0 0 1 0 0 0 2097152
245548000 0 0 1 0 0 0 2097152
245551200 0 0 1 0 0 0 2097152
245554400 0 0 1 0 0 0 2097152
245557600 0 1 1 0 0 0 2097152
245560800 0 0 1 0 0 0 2097152
245564000 0 1 1 0 0 0 2097152
245567200 0 1 1 0 0 0 2097152
245570400 0 0 1 0 0 0 2097152
245573600 0 0 1 0 0 0 2097152
245576800 0 1 1 0 0 0 2097152
245580000 0 0 1 0 0 0 2097152
245583200 0 0 1 0 0 0 2097152
245586400 0 0 1 0 0 0 2097152
245589600 0 0 1 0 0 0 2097152
245592800 0 1 1 0 0 0 2097152
245596000 0 0 1 0 0 0 2097152
245599200 0 1 1 0 0 0 2097152
245602400 0 1 1 0 0 0 2097152
452000000 0 0 1 0 0 0 2097152
452003200 0 0 1 0 0 0 2097152
452006400 0 0 1 0 0 0 2097152
452009600 0 0 1 0 0 0 2097152
452012800 0 0 1 0 0 0 2097152
452016000 0 0 1 0 0 0 2097152
452019200 0 0 1 0 0 0 2097152
452022400 0 0 1 0 0 0 2097152
452025600 0 1 1 0 0 0 2097152
452028800 0 1 1 0 0 0 2097152
452032000 0 1 1 0 0 0 2097152
452035200 0 0 1 0 0 0 2097152
452038400 0 1 1 0 0 0 2097152
452041600 0 0 1 0 0 0 2097152
452044800 0 0 1 0 0 0 2097152
452048000 0 1 1 0 0 0 2097152
452051200 0 0 1 0 0 0 2097152
452054400 0 1 1 0 0 0 2097152
452057600 0 0 1 0 0 0 2097152
452060800 0 0 1 0 0 0 2097152
452064000 0 1 1 0 0 0 2097152
452067200 0 1 1 0 0 0 2097152
452070400 0 0 1 0 0 0 2097152
452073600 0 0 1 0 0 0 2097152
452076800 0 0 1 0 0 0 2097152
452080000 0 0 1 0 0 0 2097152
452083200 0 0 1 0 0 0 2097152
452086400 0 0 1 0 0 0 2097152
452089600 0 0 1 0 0 0 2097152
452092800 0 0 1 0 0 0 2097152
452096000 0 0 1 0 0 0 2097152
452099200 0 1 1 0 0 0 2097152
452102400 0 1 1 0 0 0 2097152
456500000 0 0 1 0 0 0 2097152
456503200 0 0 1 0 0 0 2097152
456506400 0 0 1 0 0 0 2097152
456509600 0 0 1 0 0 0 2097152
456512800 0 0 1 0 0 0 2097152
456516000 0 0 1 0 0 0 2097152
456519200 0 0 1 0 0 0 2097152
456522400 0 0 1 0 0 0 2097152
456525600 0 1 1 0 0 0 2097152
456528800 0 1 1 0 0 0 2097152
456532000 0 1 1 0 0 0 2097152
456535200 0 0 1 0 0 0 2097152
456538400 0 1 1 0 0 0 2097152
456541600 0 0 1 0 0 0 2097152
456544800 0 0 1 0 0 0 2097152
456548000 0 1 1 0 0 0 2097152
456551200 0 1 1 0 0 0 2097152
456554400 0 1 1 0 0 0 2097152
456557600 0 0 1 0 0 0 2097152
456560800 0 0 1 0 0 0 2097152
456564000 0 1 1 0 0 0 2097152
456567200 0 1 1 0 0 0 2097152
456570400 0 0 1 0 0 0 2097152
456573600 0 0 1 0 0 0 2097152
456576800 0 0 1 0 0 0 2097152
456580000 0 0 1 0 0 0 2097152
456583200 0 0 1 0 0 0 2097152
456586400 0 0 1 0 0 0 2097152
456589600 0 0 1 0 0 0 2097152
456592800 0 0 1 0 0 0 2097152
456596000 0 0 1 0 0 0 2097152
456599200 0 1 1 0 0 0 2097152
456602400 0 1 1 0 0 0 2097152
461000000 0 0 1 0 0 0 2097152
461003200 0 0 1 0 0 0 2097152
461006400 0 0 1 0 0 0 2097152
461009600 0 0 1 0 0 0 2097152
461012800 0 0 1 0 0 0 2097152
461016000 0 0 1 0 0 0 2097152
461019200 0 0 1 0 0 0 2097152
461022400 0 0 1 0 0 0 2097152
461025600 0 1 1 0 0 0 2097152
461028800 0 1 1 0 0 0 2097152
461032000 0 1 1 0 0 0 2097152
461035200 0 0 1 0 0 0 2097152
461038400 0 0 1 0 0 0 2097152
461041600 0 0 1 0 0 0 2097152
461044800 0 1 1 0 0 0 2097152
461048000 0 1 1 0 0 0 2097152
461051200 0 1 1 0 0 0 2097152
461054400 0 1 1 0 0 0 2097152
461057600 0 0 1 0 0 0 2097152
461060800 0 0 1 0 0 0 2097152
461064000 0 1 1 0 0 0 2097152
461067200 0 1 1 0 0 0 2097152
461070400 0 0 1 0 0 0 2097152
461073600 0 0 1 0 0 0 2097152
461076800 0 0 1 0 0 0 2097152
461080000 0 0 1 0 0 0 2097152
461083200 0 0 1 0 0 0 2097152
461086400 0 0 1 0 0 0 2097152
461089600 0 0 1 0 0 0 2097152
461092800 0 0 1 0 0 0 2097152
461096000 0 0 1 0 0 0 2097152
461099200 0 1 1 0 0 0 2097152
461102400 0 1 1 0 0 0 2097152
462000000 0 0 1 0 0 0 2097152
462003200 0 0 1 0 0 0 2097152
462006400 0 0 1 0 0 0 2097152
462009600 0 0 1 0 0 0 2097152
462012800 0 0 1 0 0 0 2097152
462016000 0 1 1 0 0 0 2097152
462019200 0 0 1 0 0 0 2097152
462022400 0 0 1 0 0 0 2097152
462025600 0 1 1 0 0 0 2097152
462028800 0 1 1 0 0 0 2097152
462032000 0 1 1 0 0 0 2097152
462035200 0 0 1 0 0 0 2097152
462038400 0 0 1 0 0 0 2097152
462041600 0 0 1 0 0 0 2097152
462044800 0 0 1 0 0 0 2097152
462048000 0 0 1 0 0 0 2097152
462051200 0 1 1 0 0 0 2097152
462054400 0 1 1 0 0 0 2097152
462057600 0 0 1 0 0 0 2097152
462060800 0 0 1 0 0 0 2097152
462064000 0 1 1 0 0 0 2097152
462067200 0 1 1 0 0 0 2097152
462070400 0 0 1 0 0 0 2097152
462073600 0 0 1 0 0 0 2097152
462076800 0 0 1 0 0 0 2097152
462080000 0 1 1 0 0 0 2097152
462083200 0 1 1 0 0 0 2097152
462086400 0 1 1 0 0 0 2097152
462089600 0 0 1 0 0 0 2097152
462092800 0 1 1 0 0 0 2097152
462096000 0 0 1 0 0 0 2097152
462099200 0 1 1 0 0 0 2097152
462102400 0 1 1 0 0 0 2097152
465500000 0 0 1 0 0 0 2097152
465503200 0 0 1 0 0 0 2097152
465506400 0 0 1 0 0 0 2097152
465509600 0 0 1 0 0 0 2097152
465512800 0 0 1 0 0 0 2097152
465516000 0 0 1 0 0 0 2097152
465519200 0 0 1 0 0 0 2097152
465522400 0 0 1 0 0 0 2097152
465525600 0 1 1 0 0 0 2097152
465528800 0 1 1 0 0 0 2097152
465532000 0 1 1 0 0 0 2097152
465535200 0 0 1 0 0 0 2097152
465538400 0 1 1 0 0 0 2097152
465541600 0 0 1 0 0 0 2097152
465544800 0 0 1 0 0 0 2097152
465548000 0 0 1 0 0 0 2097152
465551200 0 0 1 0 0 0 2097152
465554400 0 0 1 0 0 0 2097152
465557600 0 1 1 0 0 0 2097152
465560800 0 0 1 0 0 0 2097152
465564000 0 1 1 0 0 0 2097152
465567200 0 1 1 0 0 0 2097152
465570400 0 0 1 0 0 0 2097152
465573600 0 0 1 0 0 0 2097152
465576800 0 0 1 0 0 0 2097152
465580000 0 0 1 0 0 0 2097152
465583200 0 0 1 0 0 0 2097152
465586400 0 0 1 0 0 0 2097152
465589600 0 0 1 0 0 0 2097152
465592800 0 0 1 0 0 0 2097152
465596000 0 0 1 0 0 0 2097152
465599200 0 1 1 0 0 0 2097152
465602400 0 1 1 0 0 0 2097152
466500000 0 0 1 0 0 0 2097152
466503200 0 0 1 0 0 0 2097152
466506400 0 0 1 0 0 0 2097152
466509600 0 0 1 0 0 0 2097152
466512800 0 0 1 0 0 0 2097152
466516000 0 1 1 0 0 0 2097152
466519200 0 0 1 0 0 0 2097152
466522400 0 0 1 0 0 0 2097152
466525600 0 1 1 0 0 0 2097152
466528800 0 1 1 0 0 0 2097152
466532000 0 1 1 0 0 0 2097152
466535200 0 0 1 0 0 0 2097152
466538400 0 1 1 0 0 0 2097152
466541600 0 1 1 0 0 0 2097152
466544800 0 1 1 0 0 0 2097152
466548000 0 0 1 0 0 0 2097152
466551200 0 1 1 0 0 0 2097152
466554400 0 1 1 0 0 0 2097152
466557600 0 0 1 0 0 0 2097152
466560800 0 0 1 0 0 0 2097152
466564000 0 1 1 0 0 0 2097152
466567200 0 1 1 0 0 0 2097152
466570400 0 0 1 0 0 0 2097152
466573600 0 0 1 0 0 0 2097152
466576800 0 1 1 0 0 0 2097152
466580000 0 1 1 0 0 0 2097152
466583200 0 0 1 0 0 0 2097152
466586400 0 1 1 0 0 0 2097152
466589600 0 0 1 0 0 0 2097152
466592800 0 1 1 0 0 0 2097152
466596000 0 0 1 0 0 0 2097152
466599200 0 1 1 0 0 0 2097152
466602400 0 1 1 0 0 0 2097152
471000000 0 0 1 0 0 0 2097152
471003200 0 0 1 0 0 0 2097152
471006400 0 0 1 0 0 0 2097152
471009600 0 0 1 0 0 0 2097152
471012800 0 0 1 0 0 0 2097152
471016000 0 1 1 0 0 0 2097152
471019200 0 0 1 0 0 0 2097152
471022400 0 0 1 0 0 0 2097152
471025600 0 1 1 0 0 0 2097152
471028800 0 1 1 0 0 0 2097152
471032000 0 1 1 0 0 0 2097152
471035200 0 0 1 0 0 0 2097152
471038400 0 0 1 0 0 0 2097152
471041600 0 0 1 0 0 0 2097152
471044800 0 0 1 0 0 0 2097152
471048000 0 0 1 0 0 0 2097152
471051200 0 0 1 0 0 0 2097152
471054400 0 0 1 0 0 0 2097152
471057600 0 1 1 0 0 0 2097152
471060800 0 0 1 0 0 0 2097152
471064000 0 1 1 0 0 0 2097152
471067200 0 1 1 0 0 0 2097152
471070400 0 0 1 0 0 0 2097152
471073600 0 0 1 0 0 0 2097152
471076800 0 0 1 0 0 0 2097152
471080000 0 0 1 0 0 0 2097152
471083200 0 0 1 0 0 0 2097152
471086400 0 1 1 0 0 0 2097152
471089600 0 0 1 0 0 0 2097152
471092800 0 1 1 0 0 0 2097152
471096000 0 0 1 0 0 0 2097152
471099200 0 1 1 0 0 0 2097152
471102400 0 1 1 0 0 0 2097152
475500000 0 0 1 0 0 0 2097152
475503200 0 0 1 0 0 0 2097152
475506400 0 0 1 0 0 0 2097152
475509600 0 0 1 0 0 0 2097152
475512800 0 0 1 0 0 0 2097152
475516000 0 1 1 0 0 0 2097152
475519200 0 0 1 0 0 0 2097152
475522400 0 0 1 0 0 0 2097152
475525600 0 1 1 0 0 0 2097152
475528800 0 1 1 0 0 0 2097152
475532000 0 1 1 0 0 0 2097152
475535200 0 0 1 0 0 0 2097152
475538400 0 1 1 0 0 0 2097152
475541600 0 1 1 0 0 0 2097152
475544800 0 0 1 0 0 0 2097152
475548000 0 0 1 0 0 0 2097152
475551200 0 0 1 0 0 0 2097152
475554400 0 0 1 0 0 0 2097152
475557600 0 1 1 0 0 0 2097152
475560800 0 0 1 0 0 0 2097152
475564000 0 1 1 0 0 0 2097152
475567200 0 1 1 0 0 0 2097152
475570400 0 0 1 0 0 0 2097152
475573600 0 0 1 0 0 0 2097152
475576800 0 1 1 0 0 0 2097152
475580000 0 0 1 0 0 0 2097152
475583200 0 1 1 0 0 0 2097152
475586400 0 0 1 0 0 0 2097152
475589600 0 0 1 0 0 0 2097152
475592800 0 1 1 0 0 0 2097152
475596000 0 0 1 0 0 0 2097152
475599200 0 1 1 0 0 0 2097152
475602400 0 1 1 0 0 0 2097152
682000000 0 0 1 0 0 0 2097152
682003200 0 0 1 0 0 0 2097152
682006400 0 0 1 0 0 0 2097152
682009600 0 0 1 0 0 0 2097152
682012800 0 0 1 0 0 0 2097152
682016000 0 0 1 0 0 0 2097152
682019200 0 0 1 0 0 0 2097152
682022400 0 0 1 0 0 0 2097152
682025600 0 1 1 0 0 0 2097152
682028800 0 1 1 0 0 0 2097152
682032000 0 1 1 0 0 0 2097152
682035200 0 0 1 0 0 0 2097152
682038400 0 0 1 0 0 0 2097152
682041600 0 0 1 0 0 0 2097152
682044800 0 0 1 0 0 0 2097152
682048000 0 0 1 0 0 0 2097152
682051200 0 1 1 0 0 0 2097152
682054400 0 1 1 0 0 0 2097152
682057600 0 0 1 0 0 0 2097152
682060800 0 0 1 0 0 0 2097152
682064000 0 1 1 0 0 0 2097152
682067200 0 1 1 0 0 0 2097152
682070400 0 0 1 0 0 0 2097152
682073600 0 0 1 0 0 0 2097152
682076800 0 0 1 0 0 0 2097152
682080000 0 0 1 0 0 0 2097152
682083200 0 0 1 0 0 0 2097152
682086400 0 0 1 0 0 0 2097152
682089600 0 0 1 0 0 0 2097152
682092800 0 0 1 0 0 0 2097152
682096000 0 0 1 0 0 0 2097152
682099200 0 1 1 0 0 0 2097152
682102400 0 1 1 0 0 0 2097152
686500000 0 0 1 0 0 0 2097152
686503200 0 0 1 0 0 0 2097152
686506400 0 0 1 0 0 0 2097152
686509600 0 0 1 0 0 0 2097152
686512800 0 0 1 0 0 0 2097152
686516000 0 0 1 0 0 0 2097152
686519200 0 0 1 0 0 0 2097152
686522400 0 0 1 0 0 0 2097152
686525600 0 1 1 0 0 0 2097152
686528800 0 1 1 0 0 0 2097152
686532000 0 1 1 0 0 0 2097152
686535200 0 0 1 0 0 0 2097152
686538400 0 1 1 0 0 0 2097152
686541600 0 1 1 0 0 0 2097152
686544800 0 1 1 0 0 0 2097152
686548000 0 0 1 0 0 0 2097152
686551200 0 1 1 0 0 0 2097152
686554400 0 1 1 0 0 0 2097152
686557600 0 0 1 0 0 0 2097152
686560800 0 0 1 0 0 0 2097152
686564000 0 1 1 0 0 0 2097152
686567200 0 1 1 0 0 0 2097152
686570400 0 0 1 0 0 0 2097152
686573600 0 0 1 0 0 0 2097152
686576800 0 0 1 0 0 0 2097152
686580000 0 0 1 0 0 0 2097152
686583200 0 0 1 0 0 0 2097152
686586400 0 0 1 0 0 0 2097152
686589600 0 0 1 0 0 0 2097152
686592800 0 0 1 0 0 0 2097152
686596000 0 0 1 0 0 0 2097152
686599200 0 1 1 0 0 0 2097152
686602400 0 1 1 0 0 0 2097152
691000000 0 0 1 0 0 0 2097152
691003200 0 0 1 0 0 0 2097152
691006400 0 0 1 0 0 0 2097152
691009600 0 0 1 0 0 0 2097152
691012800 0 0 1 0 0 0 2097152
691016000 0 0 1 0 0 0 2097152
691019200 0 0 1 0 0 0 2097152
691022400 0 0 1 0 0 0 2097152
691025600 0 1 1 0 0 0 2097152
691028800 0 1 1 0 0 0 2097152
691032000 0 1 1 0 0 0 2097152
691035200 0 0 1 0 0 0 2097152
691038400 0 0 1 0 0 0 2097152
691041600 0 0 1 0 0 0 2097152
691044800 0 0 1 0 0 0 2097152
691048000 0 0 1 0 0 0 2097152
691051200 0 0 1 0 0 0 2097152
691054400 0 0 1 0 0 0 2097152
691057600 0 1 1 0 0 0 2097152
691060800 0 0 1 0 0 0 2097152
691064000 0 1 1 0 0 0 2097152
691067200 0 1 1 0 0 0 2097152
691070400 0 0 1 0 0 0 2097152
691073600 0 0 1 0 0 0 2097152
691076800 0 0 1 0 0 0 2097152
691080000 0 0 1 0 0 0 2097152
691083200 0 0 1 0 0 0 2097152
691086400 0 0 1 0 0 0 2097152
691089600 0 0 1 0 0 0 2097152
691092800 0 0 1 0 0 0 2097152
691096000 0 0 1 0 0 0 2097152
691099200 0 1 1 0 0 0 2097152
691102400 0 1 1 0 0 0 2097152
692000000 0 0 1 0 0 0 2097152
692003200 0 0 1 0 0 0 2097152
692006400 0 0 1 0 0 0 2097152
692009600 0 0 1 0 0 0 2097152
692012800 0 0 1 0 0 0 2097152
692016000 0 1 1 0 0 0 2097152
692019200 0 0 1 0 0 0 2097152
692022400 0 0 1 0 0 0 2097152
692025600 0 1 1 0 0 0 2097152
692028800 0 1 1 0 0 0 2097152
692032000 0 1 1 0 0 0 2097152
692035200 0 0 1 0 0 0 2097152
692038400 0 1 1 0 0 0 2097152
692041600 0 1 1 0 0 0 2097152
692044800 0 0 1 0 0 0 2097152
692048000 0 1 1 0 0 0 2097152
692051200 0 0 1 0 0 0 2097152
692054400 0 1 1 0 0 0 2097152
692057600 0 0 1 0 0 0 2097152
692060800 0 0 1 0 0 0 2097152
692064000 0 1 1 0 0 0 2097152
692067200 0 1 1 0 0 0 2097152
692070400 0 0 1 0 0 0 2097152
692073600 0 0 1 0 0 0 2097152
692076800 0 0 1 0 0 0 2097152
692080000 0 0 1 0 0 0 2097152
692083200 0 0 1 0 0 0 2097152
692086400 0 1 1 0 0 0 2097152
692089600 0 0 1 0 0 0 2097152
692092800 0 1 1 0 0 0 2097152
692096000 0 0 1 0 0 0 2097152
692099200 0 1 1 0 0 0 2097152
692102400 0 1 1 0 0 0 2097152
695500000 0 0 1 0 0 0 2097152
695503200 0 0 1 0 0 0 2097152
695506400 0 0 1 0 0 0 2097152
695509600 0 0 1 0 0 0 2097152
695512800 0 0 1 0 0 0 2097152
695516000 0 0 1 0 0 0 2097152
695519200 0 0 1 0 0 0 2097152
695522400 0 0 1 0 0 0 2097152
695525600 0 1 1 0 0 0 2097152
695528800 0 1 1 0 0 0 2097152
695532000 0 1 1 0 0 0 2097152
695535200 0 0 1 0 0 0 2097152
695538400 0 1 1 0 0 0 2097152
695541600 0 1 1 0 0 0 2097152
695544800 0 0 1 0 0 0 2097152
695548000 0 0 1 0 0 0 2097152
695551200 0 0 1 0 0 0 2097152
695554400 0 0 1 0 0 0 2097152
695557600 0 1 1 0 0 0 2097152
695560800 0 0 1 0 0 0 2097152
695564000 0 1 1 0 0 0 2097152
695567200 0 1 1 0 0 0 2097152
695570400 0 0 1 0 0 0 2097152
695573600 0 0 1 0 0 0 2097152
695576800 0 0 1 0 0 0 2097152
695580000 0 0 1 0 0 0 2097152
695583200 0 0 1 0 0 0 2097152
695586400 0 0 1 0 0 0 2097152
695589600 0 0 1 0 0 0 2097152
695592800 0 0 1 0 0 0 2097152
695596000 0 0 1 0 0 0 2097152
695599200 0 1 1 0 0 0 2097152
695602400 0 1 1 0 0 0 2097152
696500000 0 0 1 0 0 0 2097152
696503200 0 0 1 0 0 0 2097152
696506400 0 0 1 0 0 0 2097152
696509600 0 0 1 0 0 0 2097152
696512800 0 0 1 0 0 0 2097152
696516000 0 1 1 0 0 0 2097152
696519200 0 0 1 0 0 0 2097152
696522400 0 0 1 0 0 0 2097152
696525600 0 1 1 0 0 0 2097152
696528800 0 1 1 0 0 0 2097152
696532000 0 1 1 0 0 0 2097152
696535200 0 0 1 0 0 0 2097152
696538400 0 1 1 0 0 0 2097152
696541600 0 1 1 0 0 0 2097152
696544800 0 1 1 0 0 0 2097152
696548000 0 0 1 0 0 0 2097152
696551200 0 1 1 0 0 0 2097152
696554400 0 1 1 0 0 0 2097152
696557600 0 0 1 0 0 0 2097152
696560800 0 0 1 0 0 0 2097152
696564000 0 1 1 0 0 0 2097152
696567200 0 1 1 0 0 0 2097152
696570400 0 0 1 0 0 0 2097152
696573600 0 0 1 0 0 0 2097152
696576800 0 1 1 0 0 0 2097152
696580000 0 0 1 0 0 0 2097152
696583200 0 1 1 0 0 0 2097152
696586400 0 0 1 0 0 0 2097152
696589600 0 0 1 0 0 0 2097152
696592800 0 1 1 0 0 0 2097152
696596000 0 0 1 0 0 0 2097152
696599200 0 1 1 0 0 0 2097152
696602400 0 1 1 0 0 0 2097152
701000000 0 0 1 0 0 0 2097152
701003200 0 0 1 0 0 0 2097152
701006400 0 0 1 0 0 0 2097152
701009600 0 0 1 0 0 0 2097152
701012800 0 0 1 0 0 0 2097152
701016000 0 1 1 0 0 0 2097152
701019200 0 0 1 0 0 0 2097152
701022400 0 0 1 0 0 0 2097152
701025600 0 1 1 0 0 0 2097152
701028800 0 1 1 0 0 0 2097152
701032000 0 1 1 0 0 0 2097152
701035200 0 0 1 0 0 0 2097152
701038400 0 1 1 0 0 0 2097152
701041600 0 1 1 0 0 0 2097152
701044800 0 0 1 0 0 0 2097152
701048000 0 1 1 0 0 0 2097152
701051200 0 1 1 0 0 0 2097152
701054400 0 1 1 0 0 0 2097152
701057600 0 0 1 0 0 0 2097152
701060800 0 0 1 0 0 0 2097152
701064000 0 1 1 0 0 0 2097152
701067200 0 1 1 0 0 0 2097152
701070400 0 0 1 0 0 0 2097152
701073600 0 0 1 0 0 0 2097152
701076800 0 0 1 0 0 0 2097152
701080000 0 1 1 0 0 0 2097152
701083200 0 0 1 0 0 0 2097152
701086400 0 0 1 0 0 0 2097152
701089600 0 0 1 0 0 0 2097152
701092800 0 1 1 0 0 0 2097152
701096000 0 0 1 0 0 0 2097152
701099200 0 1 1 0 0 0 2097152
701102400 0 1 1 0 0 0 2097152
705500000 0 0 1 0 0 0 2097152
705503200 0 0 1 0 0 0 2097152
705506400 0 0 1 0 0 0 2097152
705509600 0 0 1 0 0 0 2097152
705512800 0 0 1 0 0 0 2097152
705516000 0 1 1 0 0 0 2097152
705519200 0 0 1 0 0 0 2097152
705522400 0 0 1 0 0 0 2097152
705525600 0 1 1 0 0 0 2097152
705528800 0 1 1 0 0 0 2097152
705532000 0 1 1 0 0 0 2097152
705535200 0 0 1 0 0 0 2097152
705538400 0 0 1 0 0 0 2097152
705541600 0 1 1 0 0 0 2097152
705544800 0 1 1 0 0 0 2097152
705548000 0 1 1 0 0 0 2097152
705551200 0 1 1 0 0 0 2097152
705554400 0 1 1 0 0 0 2097152
705557600 0 0 1 0 0 0 2097152
705560800 0 0 1 0 0 0 2097152
705564000 0 1 1 0 0 0 2097152
705567200 0 1 1 0 0 0 2097152
705570400 0 0 1 0 0 0 2097152
705573600 0 0 1 0 0 0 2097152
705576800 0 1 1 0 0 0 2097152
705580000 0 1 1 0 0 0 2097152
705583200 0 1 1 0 0 0 2097152
705586400 0 1 1 0 0 0 2097152
705589600 0 1 1 0 0 0 2097152
705592800 0 0 1 0 0 0 2097152
705596000 0 0 1 0 0 0 2097152
705599200 0 1 1 0 0 0 2097152
705602400 0 1 1 0 0 0 2097152
912000000 0 0 1 0 0 0 2097152
912003200 0 0 1 0 0 0 2097152
912006400 0 0 1 0 0 0 2097152
912009600 0 0 1 0 0 0 2097152
912012800 0 0 1 0 0 0 2097152
912016000 0 0 1 0 0 0 2097152
912019200 0 0 1 0 0 0 2097152
912022400 0 0 1 0 0 0 2097152
912025600 0 1 1 0 0 0 2097152
912028800 0 1 1 0 0 0 2097152
912032000 0 1 1 0 0 0 2097152
912035200 0 0 1 0 0 0 2097152
912038400 0 1 1 0 0 0 2097152
912041600 0 1 1 0 0 0 2097152
912044800 0 0 1 0 0 0 2097152
912048000 0 1 1 0 0 0 2097152
912051200 0 0 1 0 0 0 2097152
912054400 0 1 1 0 0 0 2097152
912057600 0 0 1 0 0 0 2097152
912060800 0 0 1 0 0 0 2097152
912064000 0 1 1 0 0 0 2097152
912067200 0 1 1 0 0 0 2097152
912070400 0 0 1 0 0 0 2097152
912073600 0 0 1 0 0 0 2097152
912076800 0 0 1 0 0 0 2097152
912080000 0 0 1 0 0 0 2097152
912083200 0 0 1 0 0 0 2097152
912086400 0 0 1 0 0 0 2097152
912089600 0 0 1 0 0 0 2097152
912092800 0 0 1 0 0 0 2097152
912096000 0 0 1 0 0 0 2097152
912099200 0 1 1 0 0 0 2097152
912102400 0 1 1 0 0 0 2097152
916500000 0 0 1 0 0 0 2097152
916503200 0 0 1 0 0 0 2097152
916506400 0 0 1 0 0 0 2097152
916509600 0 0 1 0 0 0 2097152
916512800 0 0 1 0 0 0 2097152
916516000 0 0 1 0 0 0 2097152
916519200 0 0 1 0 0 0 2097152
916522400 0 0 1 0 0 0 2097152
916525600 0 1 1 0 0 0 2097152
916528800 0 1 1 0 0 0 2097152
916532000 0 1 1 0 0 0 2097152
916535200 0 0 1 0 0 0 2097152
916538400 0 1 1 0 0 0 2097152
916541600 0 1 1 0 0 0 2097152
916544800 0 1 1 0 0 0 2097152
916548000 0 0 1 0 0 0 2097152
916551200 0 1 1 0 0 0 2097152
916554400 0 1 1 0 0 0 2097152
916557600 0 0 1 0 0 0 2097152
916560800 0 0 1 0 0 0 2097152
916564000 0 1 1 0 0 0 2097152
916567200 0 1 1 0 0 0 2097152
916570400 0 0 1 0 0 0 2097152
916573600 0 0 1 0 0 0 2097152
916576800 0 0 1 0 0 0 2097152
916580000 0 0 1 0 0 0 2097152
916583200 0 0 1 0 0 0 2097152
916586400 0 0 1 0 0 0 2097152
916589600 0 0 1 0 0 0 2097152
916592800 0 0 1 0 0 0 2097152
916596000 0 0 1 0 0 0 2097152
916599200 0 1 1 0 0 0 2097152
916602400 0 1 1 0 0 0 2097152
921000000 0 0 1 0 0 0 2097152
921003200 0 0 1 0 0 0 2097152
921006400 0 0 1 0 0 0 2097152
921009600 0 0 1 0 0 0 2097152
921012800 0 0 1 0 0 0 2097152
921016000 0 0 1 0 0 0 2097152
921019200 0 0 1 0 0 0 2097152
921022400 0 0 1 0 0 0 2097152
921025600 0 1 1 0 0 0 2097152
921028800 0 1 1 0 0 0 2097152
921032000 0 1 1 0 0 0 2097152
921035200 0 0 1 0 0 0 2097152
921038400 0 1 1 0 0 0 2097152
921041600 0 1 1 0 0 0 2097152
921044800 0 0 1 0 0 0 2097152
921048000 0 1 1 0 0 0 2097152
921051200 0 1 1 0 0 0 2097152
921054400 0 1 1 0 0 0 2097152
921057600 0 0 1 0 0 0 2097152
921060800 0 0 1 0 0 0 2097152
921064000 0 1 1 0 0 0 2097152
921067200 0 1 1 0 0 0 2097152
921070400 0 0 1 0 0 0 2097152
921073600 0 0 1 0 0 0 2097152
921076800 0 0 1 0 0 0 2097152
921080000 0 0 1 0 0 0 2097152
921083200 0 0 1 0 0 0 2097152
921086400 0 0 1 0 0 0 2097152
921089600 0 0 1 0 0 0 2097152
921092800 0 0 1 0 0 0 2097152
921096000 0 0 1 0 0 0 2097152
921099200 0 1 1 0 0 0 2097152
921102400 0 1 1 0 0 0 2097152
922000000 0 0 1 0 0 0 2097152
922003200 0 0 1 0 0 0 2097152
922006400 0 0 1 0 0 0 2097152
922009600 0 0 1 0 0 0 2097152
922012800 0 0 1 0 0 0 2097152
922016000 0 1 1 0 0 0 2097152
922019200 0 0 1 0 0 0 2097152
922022400 0 0 1 0 0 0 2097152
922025600 0 1 1 0 0 0 2097152
922028800 0 1 1 0 0 0 2097152
922032000 0 1 1 0 0 0 2097152
922035200 0 0 1 0 0 0 2097152
922038400 0 1 1 0 0 0 2097152
922041600 0 0 1 0 0 0 2097152
922044800 0 1 1 0 0 0 2097152
922048000 0 1 1 0 0 0 2097152
922051200 0 0 1 0 0 0 2097152
922054400 0 1 1 0 0 0 2097152
922057600 0 0 1 0 0 0 2097152
922060800 0 0 1 0 0 0 2097152
922064000 0 1 1 0 0 0 2097152
922067200 0 1 1 0 0 0 2097152
922070400 0 0 1 0 0 0 2097152
922073600 0 0 1 0 0 0 2097152
922076800 0 0 1 0 0 0 2097152
922080000 0 0 1 0 0 0 2097152
922083200 0 1 1 0 0 0 2097152
922086400 0 0 1 0 0 0 2097152
922089600 0 1 1 0 0 0 2097152
922092800 0 1 1 0 0 0 2097152
922096000 0 0 1 0 0 0 2097152
922099200 0 1 1 0 0 0 2097152
922102400 0 1 1 0 0 0 2097152
925500000 0 0 1 0 0 0 2097152
925503200 0 0 1 0 0 0 2097152
925506400 0 0 1 0 0 0 2097152
925509600 0 0 1 0 0 0 2097152
925512800 0 0 1 0 0 0 2097152
925516000 0 0 1 0 0 0 2097152
925519200 0 0 1 0 0 0 2097152
925522400 0 0 1 0 0 0 2097152
925525600 0 1 1 0 0 0 2097152
925528800 0 1 1 0 0 0 2097152
925532000 0 1 1 0 0 0 2097152
925535200 0 0 1 0 0 0 2097152
925538400 0 0 1 0 0 0 2097152
925541600 0 1 1 0 0 0 2097152
925544800 0 1 1 0 0 0 2097152
925548000 0 1 1 0 0 0 2097152
925551200 0 1 1 0 0 0 2097152
925554400 0 1 1 0 0 0 2097152
925557600 0 0 1 0 0 0 2097152
925560800 0 0 1 0 0 0 2097152
925564000 0 1 1 0 0 0 2097152
925567200 0 1 1 0 0 0 2097152
925570400 0 0 1 0 0 0 2097152
925573600 0 0 1 0 0 0 2097152
925576800 0 0 1 0 0 0 2097152
925580000 0 0 1 0 0 0 2097152
925583200 0 0 1 0 0 0 2097152
925586400 0 0 1 0 0 0 2097152
925589600 0 0 1 0 0 0 2097152
925592800 0 0 1 0 0 0 2097152
925596000 0 0 1 0 0 0 2097152
925599200 0 1 1 0 0 0 2097152
925602400 0 1 1 0 0 0 2097152
926500000 0 0 1 0 0 0 2097152
926503200 0 0 1 0 0 0 2097152
926506400 0 0 1 0 0 0 2097152
926509600 0 0 1 0 0 0 2097152
926512800 0 0 1 0 0 0 2097152
926516000 0 1 1 0 0 0 2097152
926519200 0 0 1 0 0 0 2097152
926522400 0 0 1 0 0 0 2097152
926525600 0 1 1 0 0 0 2097152
926528800 0 1 1 0 0 0 2097152
926532000 0 1 1 0 0 0 2097152
926535200 0 0 1 0 0 0 2097152
926538400 0 1 1 0 0 0 2097152
926541600 0 0 1 0 0 0 2097152
926544800 0 0 1 0 0 0 2097152
926548000 0 1 1 0 0 0 2097152
926551200 0 1 1 0 0 0 2097152
926554400 0 1 1 0 0 0 2097152
926557600 0 0 1 0 0 0 2097152
926560800 0 0 1 0 0 0 2097152
926564000 0 1 1 0 0 0 2097152
926567200 0 1 1 0 0 0 2097152
926570400 0 0 1 0 0 0 2097152
926573600 0 0 1 0 0 0 2097152
926576800 0 1 1 0 0 0 2097152
926580000 0 0 1 0 0 0 2097152
926583200 0 0 1 0 0 0 2097152
926586400 0 0 1 0 0 0 2097152
926589600 0 1 1 0 0 0 2097152
926592800 0 1 1 0 0 0 2097152
926596000 0 0 1 0 0 0 2097152
926599200 0 1 1 0 0 0 2097152
926602400 0 1 1 0 0 0 2097152
931000000 0 0 1 0 0 0 2097152
931003200 0 0 1 0 0 0 2097152
931006400 0 0 1 0 0 0 2097152
931009600 0 0 1 0 0 0 2097152
931012800 0 0 1 0 0 0 2097152
931016000 0 1 1 0 0 0 2097152
931019200 0 0 1 0 0 0 2097152
931022400 0 0 1 0 0 0 2097152
931025600 0 1 1 0 0 0 2097152
931028800 0 1 1 0 0 0 2097152
931032000 0 1 1 0 0 0 2097152
931035200 0 0 1 0 0 0 2097152
931038400 0 0 1 0 0 0 2097152
931041600 0 0 1 0 0 0 2097152
931044800 0 0 1 0 0 0 2097152
931048000 0 0 1 0 0 0 2097152
931051200 0 0 1 0 0 0 2097152
931054400 0 0 1 0 0 0 2097152
931057600 0 1 1 0 0 0 2097152
931060800 0 0 1 0 0 0 2097152
931064000 0 1 1 0 0 0 2097152
931067200 0 1 1 0 0 0 2097152
931070400 0 0 1 0 0 0 2097152
931073600 0 0 1 0 0 0 2097152
931076800 0 0 1 0 0 0 2097152
931080000 0 1 1 0 0 0 2097152
931083200 0 1 1 0 0 0 2097152
931086400 0 1 1 0 0 0 2097152
931089600 0 0 1 0 0 0 2097152
931092800 0 1 1 0 0 0 2097152
931096000 0 0 1 0 0 0 2097152
931099200 0 1 1 0 0 0 2097152
931102400 0 1 1 0 0 0 2097152
935500000 0 0 1 0 0 0 2097152
935503200 0 0 1 0 0 0 2097152
935506400 0 0 1 0 0 0 2097152
935509600 0 0 1 0 0 0 2097152
935512800 0 0 1 0 0 0 2097152
935516000 0 1 1 0 0 0 2097152
935519200 0 0 1 0 0 0 2097152
935522400 0 0 1 0 0 0 2097152
935525600 0 1 1 0 0 0 2097152
935528800 0 1 1 0 0 0 2097152
935532000 0 1 1 0 0 0 2097152
935535200 0 0 1 0 0 0 2097152
935538400 0 1 1 0 0 0 2097152
935541600 0 0 1 0 0 0 2097152
935544800 0 1 1 0 0 0 2097152
935548000 0 0 1 0 0 0 2097152
935551200 0 0 1 0 0 0 2097152
935554400 0 0 1 0 0 0 2097152
935557600 0 1 1 0 0 0 2097152
935560800 0 0 1 0 0 0 2097152
935564000 0 1 1 0 0 0 2097152
935567200 0 1 1 0 0 0 2097152
935570400 0 0 1 0 0 0 2097152
935573600 0 0 1 0 0 0 2097152
935576800 0 1 1 0 0 0 2097152
935580000 0 1 1 0 0 0 2097152
935583200 0 0 1 0 0 0 2097152
935586400 0 1 1 0 0 0 2097152
935589600 0 0 1 0 0 0 2097152
935592800 0 1 1 0 0 0 2097152
935596000 0 0 1 0 0 0 2097152
935599200 0 1 1 0 0 0 2097152
935602400 0 1 1 0 0 0 2097152
1277000000 0 0 1 0 0 0 2097152
1277003200 0 0 1 0 0 0 2097152
1277006400 0 0 1 0 0 0 2097152
1277009600 0 0 1 0 0 0 2097152
1277012800 0 0 1 0 0 0 2097152
1277016000 0 0 1 0 0 0 2097152
1277019200 0 0 1 0 0 0 2097152
1277022400 0 0 1 0 0 0 2097152
1277025600 0 1 1 0 0 0 2097152
1277028800 0 1 1 0 0 0 2097152
1277032000 0 1 1 0 0 0 2097152
1277035200 0 0 1 0 0 0 2097152
1277038400 0 1 1 0 0 0 2097152
1277041600 0 0 1 0 0 0 2097152
1277044800 0 1 1 0 0 0 2097152
1277048000 0 1 1 0 0 0 2097152
1277051200 0 0 1 0 0 0 2097152
1277054400 0 1 1 0 0 0 2097152
1277057600 0 0 1 0 0 0 2097152
1277060800 0 0 1 0 0 0 2097152
1277064000 0 1 1 0 0 0 2097152
1277067200 0 1 1 0 0 0 2097152
1277070400 0 0 1 0 0 0 2097152
1277073600 0 0 1 0 0 0 2097152
1277076800 0 0 1 0 0 0 2097152
1277080000 0 0 1 0 0 0 2097152
1277083200 0 0 1 0 0 0 2097152
1277086400 0 0 1 0 0 0 2097152
1277089600 0 0 1 0 0 0 2097152
1277092800 0 0 1 0 0 0 2097152
1277096000 0 0 1 0 0 0 2097152
1277099200 0 1 1 0 0 0 2097152
1277102400 0 1 1 0 0 0 2097152
1281500000 0 0 1 0 0 0 2097152
1281503200 0 0 1 0 0 0 2097152
1281506400 0 0 1 0 0 0 2097152
1281509600 0 0 1 0 0 0 2097152
1281512800 0 0 1 0 0 0 2097152
1281516000 0 0 1 0 0 0 2097152
1281519200 0 0 1 0 0 0 2097152
1281522400 0 0 1 0 0 0 2097152
1281525600 0 1 1 0 0 0 2097152
1281528800 0 1 1 0 0 0 2097152
1281532000 0 1 1 0 0 0 2097152
1281535200 0 0 1 0 0 0 2097152
1281538400 0 1 1 0 0 0 2097152
1281541600 0 0 1 0 0 0 2097152
1281544800 0 0 1 0 0 0 2097152
1281548000 0 1 1 0 0 0 2097152
1281551200 0 1 1 0 0 0 2097152
1281554400 0 1 1 0 0 0 2097152
1281557600 0 0 1 0 0 0 2097152
1281560800 0 0 1 0 0 0 2097152
1281564000 0 1 1 0 0 0 2097152
1281567200 0 1 1 0 0 0 2097152
1281570400 0 0 1 0 0 0 2097152
1281573600 0 0 1 0 0 0 2097152
1281576800 0 0 1 0 0 0 2097152
1281580000 0 0 1 0 0 0 2097152
1281583200 0 0 1 0 0 0 2097152
1281586400 0 0 1 0 0 0 2097152
1281589600 0 0 1 0 0 0 2097152
1281592800 0 0 1 0 0 0 2097152
1281596000 0 0 1 0 0 0 2097152
1281599200 0 1 1 0 0 0 2097152
1281602400 0 1 1 0 0 0 2097152
1286000000 0 0 1 0 0 0 2097152
1286003200 0 0 1 0 0 0 2097152
1286006400 0 0 1 0 0 0 2097152
1286009600 0 0 1 0 0 0 2097152
1286012800 0 0 1 0 0 0 2097152
1286016000 0 0 1 0 0 0 2097152
1286019200 0 0 1 0 0 0 2097152
1286022400 0 0 1 0 0 0 2097152
1286025600 0 1 1 0 0 0 2097152
1286028800 0 1 1 0 0 0 2097152
1286032000 0 1 1 0 0 0 2097152
1286035200 0 0 1 0 0 0 2097152
1286038400 0 0 1 0 0 0 2097152
1286041600 0 0 1 0 0 0 2097152
1286044800 0 0 1 0 0 0 2097152
1286048000 0 0 1 0 0 0 2097152
1286051200 0 0 1 0 0 0 2097152
1286054400 0 0 1 0 0 0 2097152
1286057600 0 1 1 0 0 0 2097152
1286060800 0 0 1 0 0 0 2097152
1286064000 0 1 1 0 0 0 2097152
1286067200 0 1 1 0 0 0 2097152
1286070400 0 0 1 0 0 0 2097152
1286073600 0 0 1 0 0 0 2097152
1286076800 0 0 1 0 0 0 2097152
1286080000 0 0 1 0 0 0 2097152
1286083200 0 0 1 0 0 0 2097152
1286086400 0 0 1 0 0 0 2097152
1286089600 0 0 1 0 0 0 2097152
1286092800 0 0 1 0 0 0 2097152
1286096000 0 0 1 0 0 0 2097152
1286099200 0 1 1 0 0 0 2097152
1286102400 0 1 1 0 0 0 2097152
1290500000 0 0 1 0 0 0 2097152
1290503200 0 0 1 0 0 0 2097152
1290506400 0 0 1 0 0 0 2097152
1290509600 0 0 1 0 0 0 2097152
1290512800 0 0 1 0 0 0 2097152
1290516000 0 0 1 0 0 0 2097152
1290519200 0 0 1 0 0 0 2097152
1290522400 0 0 1 0 0 0 2097152
1290525600 0 1 1 0 0 0 2097152
1290528800 0 1 1 0 0 0 2097152
1290532000 0 1 1 0 0 0 2097152
1290535200 0 0 1 0 0 0 2097152
1290538400 0 1 1 0 0 0 2097152
1290541600 0 0 1 0 0 0 2097152
1290544800 0 1 1 0 0 0 2097152
1290548000 0 0 1 0 0 0 2097152
1290551200 0 0 1 0 0 0 2097152
1290554400 0 0 1 0 0 0 2097152
1290557600 0 1 1 0 0 0 2097152
1290560800 0 0 1 0 0 0 2097152
1290564000 0 1 1 0 0 0 2097152
1290567200 0 1 1 0 0 0 2097152
1290570400 0 0 1 0 0 0 2097152
1290573600 0 0 1 0 0 0 2097152
1290576800 0 0 1 0 0 0 2097152
1290580000 0 0 1 0 0 0 2097152
1290583200 0 0 1 0 0 0 2097152
1290586400 0 0 1 0 0 0 2097152
1290589600 0 0 1 0 0 0 2097152
1290592800 0 0 1 0 0 0 2097152
1290596000 0 0 1 0 0 0 2097152
1290599200 0 1 1 0 0 0 2097152
1290602400 0 1 1 0 0 0 2097152
