0 1 1 0 0 0 0 0
64 0 1 0 0 0 0 0
100000 0 1 2 1 0 0 0
100002 0 1 2 0 0 0 0
600000 0 1 2 0 1 3 335544
600002 0 1 2 0 0 3 335544
800000 0 1 2 0 1 0 2097152
800002 0 1 2 0 0 0 2097152
2000000 0 0 2 0 0 0 2097152
2003200 0 0 2 0 0 0 2097152
2006400 0 0 2 0 0 0 2097152
2009600 0 0 2 0 0 0 2097152
2012800 0 0 2 0 0 0 2097152
2016000 0 1 2 0 0 0 2097152
2019200 0 0 2 0 0 0 2097152
2022400 0 0 2 0 0 0 2097152
2025600 0 1 2 0 0 0 2097152
2028800 0 1 2 0 0 0 2097152
2032000 0 1 2 0 0 0 2097152
2035200 0 0 2 0 0 0 2097152
2038400 0 1 2 0 0 0 2097152
2041600 0 0 2 0 0 0 2097152
2044800 0 0 2 0 0 0 2097152
2048000 0 1 2 0 0 0 2097152
2051200 0 1 2 0 0 0 2097152
2054400 0 1 2 0 0 0 2097152
2057600 0 0 2 0 0 0 2097152
2060800 0 0 2 0 0 0 2097152
2064000 0 1 2 0 0 0 2097152
2067200 0 1 2 0 0 0 2097152
2070400 0 0 2 0 0 0 2097152
2073600 0 0 2 0 0 0 2097152
2076800 0 0 2 0 0 0 2097152
2080000 0 1 2 0 0 0 2097152
2083200 0 0 2 0 0 0 2097152
2086400 0 0 2 0 0 0 2097152
2089600 0 1 2 0 0 0 2097152
2092800 0 1 2 0 0 0 2097152
2096000 0 0 2 0 0 0 2097152
2099200 0 1 2 0 0 0 2097152
2102400 0 1 2 0 0 0 2097152
28785714 0 0 2 0 0 0 2097152
28788914 0 0 2 0 0 0 2097152
28792114 0 0 2 0 0 0 2097152
28795314 0 0 2 0 0 0 2097152
28798514 0 0 2 0 0 0 2097152
28801714 0 1 2 0 0 0 2097152
28804914 0 0 2 0 0 0 2097152
28808114 0 0 2 0 0 0 2097152
28811314 0 1 2 0 0 0 2097152
28814514 0 1 2 0 0 0 2097152
28817714 0 1 2 0 0 0 2097152
28820914 0 0 2 0 0 0 2097152
28824114 0 0 2 0 0 0 2097152
28827314 0 0 2 0 0 0 2097152
28830514 0 0 2 0 0 0 2097152
28833714 0 0 2 0 0 0 2097152
28836914 0 0 2 0 0 0 2097152
28840114 0 0 2 0 0 0 2097152
28843314 0 1 2 0 0 0 2097152
28846514 0 0 2 0 0 0 2097152
28849714 0 1 2 0 0 0 2097152
28852914 0 1 2 0 0 0 2097152
28856114 0 0 2 0 0 0 2097152
28859314 0 0 2 0 0 0 2097152
28862514 0 1 2 0 0 0 2097152
28865714 0 1 2 0 0 0 2097152
28868914 0 1 2 0 0 0 2097152
28872114 0 0 2 0 0 0 2097152
28875314 0 0 2 0 0 0 2097152
28878514 0 1 2 0 0 0 2097152
28881714 0 0 2 0 0 0 2097152
28884914 0 1 2 0 0 0 2097152
28888114 0 1 2 0 0 0 2097152
55571429 0 0 2 0 0 0 2097152
55574629 0 0 2 0 0 0 2097152
55577829 0 0 2 0 0 0 2097152
55581029 0 0 2 0 0 0 2097152
55584229 0 0 2 0 0 0 2097152
55587429 0 1 2 0 0 0 2097152
55590629 0 0 2 0 0 0 2097152
55593829 0 0 2 0 0 0 2097152
55597029 0 1 2 0 0 0 2097152
55600229 0 1 2 0 0 0 2097152
55603429 0 1 2 0 0 0 2097152
55606629 0 0 2 0 0 0 2097152
55609829 0 1 2 0 0 0 2097152
55613029 0 0 2 0 0 0 2097152
55616229 0 1 2 0 0 0 2097152
55619429 0 0 2 0 0 0 2097152
55622629 0 0 2 0 0 0 2097152
55625829 0 0 2 0 0 0 2097152
55629029 0 1 2 0 0 0 2097152
55632229 0 0 2 0 0 0 2097152
55635429 0 1 2 0 0 0 2097152
55638629 0 1 2 0 0 0 2097152
55641829 0 0 2 0 0 0 2097152
55645029 0 0 2 0 0 0 2097152
55648229 0 1 2 0 0 0 2097152
55651429 0 1 2 0 0 0 2097152
55654629 0 0 2 0 0 0 2097152
55657829 0 1 2 0 0 0 2097152
55661029 0 0 2 0 0 0 2097152
55664229 0 1 2 0 0 0 2097152
55667429 0 0 2 0 0 0 2097152
55670629 0 1 2 0 0 0 2097152
55673829 0 1 2 0 0 0 2097152
82357143 0 0 2 0 0 0 2097152
82360343 0 0 2 0 0 0 2097152
82363543 0 0 2 0 0 0 2097152
82366743 0 0 2 0 0 0 2097152
82369943 0 0 2 0 0 0 2097152
82373143 0 1 2 0 0 0 2097152
82376343 0 0 2 0 0 0 2097152
82379543 0 0 2 0 0 0 2097152
82382743 0 1 2 0 0 0 2097152
82385943 0 1 2 0 0 0 2097152
82389143 0 1 2 0 0 0 2097152
82392343 0 0 2 0 0 0 2097152
82395543 0 0 2 0 0 0 2097152
82398743 0 0 2 0 0 0 2097152
82401943 0 0 2 0 0 0 2097152
82405143 0 1 2 0 0 0 2097152
82408343 0 0 2 0 0 0 2097152
82411543 0 0 2 0 0 0 2097152
82414743 0 1 2 0 0 0 2097152
82417943 0 0 2 0 0 0 2097152
82421143 0 1 2 0 0 0 2097152
82424343 0 1 2 0 0 0 2097152
82427543 0 0 2 0 0 0 2097152
82430743 0 0 2 0 0 0 2097152
82433943 0 1 2 0 0 0 2097152
82437143 0 1 2 0 0 0 2097152
82440343 0 0 2 0 0 0 2097152
82443543 0 0 2 0 0 0 2097152
82446743 0 0 2 0 0 0 2097152
82449943 0 1 2 0 0 0 2097152
82453143 0 0 2 0 0 0 2097152
82456343 0 1 2 0 0 0 2097152
82459543 0 1 2 0 0 0 2097152
87714286 0 0 2 0 0 0 2097152
87717486 0 0 2 0 0 0 2097152
87720686 0 0 2 0 0 0 2097152
87723886 0 0 2 0 0 0 2097152
87727086 0 0 2 0 0 0 2097152
87730286 0 0 2 0 0 0 2097152
87733486 0 0 2 0 0 0 2097152
87736686 0 0 2 0 0 0 2097152
87739886 0 1 2 0 0 0 2097152
87743086 0 1 2 0 0 0 2097152
87746286 0 1 2 0 0 0 2097152
87749486 0 0 2 0 0 0 2097152
87752686 0 1 2 0 0 0 2097152
87755886 0 0 2 0 0 0 2097152
87759086 0 0 2 0 0 0 2097152
87762286 0 1 2 0 0 0 2097152
87765486 0 1 2 0 0 0 2097152
87768686 0 1 2 0 0 0 2097152
87771886 0 0 2 0 0 0 2097152
87775086 0 0 2 0 0 0 2097152
87778286 0 1 2 0 0 0 2097152
87781486 0 1 2 0 0 0 2097152
87784686 0 0 2 0 0 0 2097152
87787886 0 0 2 0 0 0 2097152
87791086 0 0 2 0 0 0 2097152
87794286 0 0 2 0 0 0 2097152
87797486 0 0 2 0 0 0 2097152
87800686 0 0 2 0 0 0 2097152
87803886 0 0 2 0 0 0 2097152
87807086 0 0 2 0 0 0 2097152
87810286 0 0 2 0 0 0 2097152
87813486 0 1 2 0 0 0 2097152
87816686 0 1 2 0 0 0 2097152
109142857 0 0 2 0 0 0 2097152
109146057 0 0 2 0 0 0 2097152
109149257 0 0 2 0 0 0 2097152
109152457 0 0 2 0 0 0 2097152
109155657 0 0 2 0 0 0 2097152
109158857 0 1 2 0 0 0 2097152
109162057 0 0 2 0 0 0 2097152
109165257 0 0 2 0 0 0 2097152
109168457 0 1 2 0 0 0 2097152
109171657 0 1 2 0 0 0 2097152
109174857 0 1 2 0 0 0 2097152
109178057 0 0 2 0 0 0 2097152
109181257 0 0 2 0 0 0 2097152
109184457 0 0 2 0 0 0 2097152
109187657 0 1 2 0 0 0 2097152
109190857 0 1 2 0 0 0 2097152
109194057 0 0 2 0 0 0 2097152
109197257 0 0 2 0 0 0 2097152
109200457 0 1 2 0 0 0 2097152
109203657 0 0 2 0 0 0 2097152
109206857 0 1 2 0 0 0 2097152
109210057 0 1 2 0 0 0 2097152
109213257 0 0 2 0 0 0 2097152
109216457 0 0 2 0 0 0 2097152
109219657 0 1 2 0 0 0 2097152
109222857 0 1 2 0 0 0 2097152
109226057 0 1 2 0 0 0 2097152
109229257 0 0 2 0 0 0 2097152
109232457 0 0 2 0 0 0 2097152
109235657 0 1 2 0 0 0 2097152
109238857 0 0 2 0 0 0 2097152
109242057 0 1 2 0 0 0 2097152
109245257 0 1 2 0 0 0 2097152
114500000 0 0 2 0 0 0 2097152
114503200 0 0 2 0 0 0 2097152
114506400 0 0 2 0 0 0 2097152
114509600 0 0 2 0 0 0 2097152
114512800 0 0 2 0 0 0 2097152
114516000 0 0 2 0 0 0 2097152
114519200 0 0 2 0 0 0 2097152
114522400 0 0 2 0 0 0 2097152
114525600 0 1 2 0 0 0 2097152
114528800 0 1 2 0 0 0 2097152
114532000 0 1 2 0 0 0 2097152
114535200 0 0 2 0 0 0 2097152
114538400 0 0 2 0 0 0 2097152
114541600 0 0 2 0 0 0 2097152
114544800 0 0 2 0 0 0 2097152
114548000 0 0 2 0 0 0 2097152
114551200 0 0 2 0 0 0 2097152
114554400 0 0 2 0 0 0 2097152
114557600 0 1 2 0 0 0 2097152
114560800 0 0 2 0 0 0 2097152
114564000 0 1 2 0 0 0 2097152
114567200 0 1 2 0 0 0 2097152
114570400 0 0 2 0 0 0 2097152
114573600 0 0 2 0 0 0 2097152
114576800 0 0 2 0 0 0 2097152
114580000 0 0 2 0 0 0 2097152
114583200 0 0 2 0 0 0 2097152
114586400 0 0 2 0 0 0 2097152
114589600 0 0 2 0 0 0 2097152
114592800 0 0 2 0 0 0 2097152
114596000 0 0 2 0 0 0 2097152
114599200 0 1 2 0 0 0 2097152
114602400 0 1 2 0 0 0 2097152
135928571 0 0 2 0 0 0 2097152
135931771 0 0 2 0 0 0 2097152
135934971 0 0 2 0 0 0 2097152
135938171 0 0 2 0 0 0 2097152
135941371 0 0 2 0 0 0 2097152
135944571 0 1 2 0 0 0 2097152
135947771 0 0 2 0 0 0 2097152
135950971 0 0 2 0 0 0 2097152
135954171 0 1 2 0 0 0 2097152
135957371 0 1 2 0 0 0 2097152
135960571 0 1 2 0 0 0 2097152
135963771 0 0 2 0 0 0 2097152
135966971 0 0 2 0 0 0 2097152
135970171 0 0 2 0 0 0 2097152
135973371 0 0 2 0 0 0 2097152
135976571 0 1 2 0 0 0 2097152
135979771 0 0 2 0 0 0 2097152
135982971 0 0 2 0 0 0 2097152
135986171 0 1 2 0 0 0 2097152
135989371 0 0 2 0 0 0 2097152
135992571 0 1 2 0 0 0 2097152
135995771 0 1 2 0 0 0 2097152
135998971 0 0 2 0 0 0 2097152
136002171 0 0 2 0 0 0 2097152
136005371 0 1 2 0 0 0 2097152
136008571 0 1 2 0 0 0 2097152
136011771 0 0 2 0 0 0 2097152
136014971 0 1 2 0 0 0 2097152
136018171 0 0 2 0 0 0 2097152
136021371 0 1 2 0 0 0 2097152
136024571 0 0 2 0 0 0 2097152
136027771 0 1 2 0 0 0 2097152
136030971 0 1 2 0 0 0 2097152
141285714 0 0 2 0 0 0 2097152
141288914 0 0 2 0 0 0 2097152
141292114 0 0 2 0 0 0 2097152
141295314 0 0 2 0 0 0 2097152
141298514 0 0 2 0 0 0 2097152
141301714 0 0 2 0 0 0 2097152
141304914 0 0 2 0 0 0 2097152
141308114 0 0 2 0 0 0 2097152
141311314 0 1 2 0 0 0 2097152
141314514 0 1 2 0 0 0 2097152
141317714 0 1 2 0 0 0 2097152
141320914 0 0 2 0 0 0 2097152
141324114 0 1 2 0 0 0 2097152
141327314 0 0 2 0 0 0 2097152
141330514 0 1 2 0 0 0 2097152
141333714 0 0 2 0 0 0 2097152
141336914 0 0 2 0 0 0 2097152
141340114 0 0 2 0 0 0 2097152
141343314 0 1 2 0 0 0 2097152
141346514 0 0 2 0 0 0 2097152
141349714 0 1 2 0 0 0 2097152
141352914 0 1 2 0 0 0 2097152
141356114 0 0 2 0 0 0 2097152
141359314 0 0 2 0 0 0 2097152
141362514 0 0 2 0 0 0 2097152
141365714 0 0 2 0 0 0 2097152
141368914 0 0 2 0 0 0 2097152
141372114 0 0 2 0 0 0 2097152
141375314 0 0 2 0 0 0 2097152
141378514 0 0 2 0 0 0 2097152
141381714 0 0 2 0 0 0 2097152
141384914 0 1 2 0 0 0 2097152
141388114 0 1 2 0 0 0 2097152
162714286 0 0 2 0 0 0 2097152
162717486 0 0 2 0 0 0 2097152
162720686 0 0 2 0 0 0 2097152
162723886 0 0 2 0 0 0 2097152
162727086 0 0 2 0 0 0 2097152
162730286 0 1 2 0 0 0 2097152
162733486 0 0 2 0 0 0 2097152
162736686 0 0 2 0 0 0 2097152
162739886 0 1 2 0 0 0 2097152
162743086 0 1 2 0 0 0 2097152
162746286 0 1 2 0 0 0 2097152
162749486 0 0 2 0 0 0 2097152
162752686 0 1 2 0 0 0 2097152
162755886 0 0 2 0 0 0 2097152
162759086 0 1 2 0 0 0 2097152
162762286 0 0 2 0 0 0 2097152
162765486 0 0 2 0 0 0 2097152
162768686 0 0 2 0 0 0 2097152
162771886 0 1 2 0 0 0 2097152
162775086 0 0 2 0 0 0 2097152
162778286 0 1 2 0 0 0 2097152
162781486 0 1 2 0 0 0 2097152
162784686 0 0 2 0 0 0 2097152
162787886 0 0 2 0 0 0 2097152
162791086 0 1 2 0 0 0 2097152
162794286 0 1 2 0 0 0 2097152
162797486 0 0 2 0 0 0 2097152
162800686 0 0 2 0 0 0 2097152
162803886 0 0 2 0 0 0 2097152
162807086 0 1 2 0 0 0 2097152
162810286 0 0 2 0 0 0 2097152
162813486 0 1 2 0 0 0 2097152
162816686 0 1 2 0 0 0 2097152
168071429 0 0 2 0 0 0 2097152
168074629 0 0 2 0 0 0 2097152
168077829 0 0 2 0 0 0 2097152
168081029 0 0 2 0 0 0 2097152
168084229 0 0 2 0 0 0 2097152
168087429 0 0 2 0 0 0 2097152
168090629 0 0 2 0 0 0 2097152
168093829 0 0 2 0 0 0 2097152
168097029 0 1 2 0 0 0 2097152
168100229 0 1 2 0 0 0 2097152
168103429 0 1 2 0 0 0 2097152
168106629 0 0 2 0 0 0 2097152
168109829 0 0 2 0 0 0 2097152
168113029 0 0 2 0 0 0 2097152
168116229 0 0 2 0 0 0 2097152
168119429 0 1 2 0 0 0 2097152
168122629 0 0 2 0 0 0 2097152
168125829 0 0 2 0 0 0 2097152
168129029 0 1 2 0 0 0 2097152
168132229 0 0 2 0 0 0 2097152
168135429 0 1 2 0 0 0 2097152
168138629 0 1 2 0 0 0 2097152
168141829 0 0 2 0 0 0 2097152
168145029 0 0 2 0 0 0 2097152
168148229 0 0 2 0 0 0 2097152
168151429 0 0 2 0 0 0 2097152
168154629 0 0 2 0 0 0 2097152
168157829 0 0 2 0 0 0 2097152
168161029 0 0 2 0 0 0 2097152
168164229 0 0 2 0 0 0 2097152
168167429 0 0 2 0 0 0 2097152
168170629 0 1 2 0 0 0 2097152
168173829 0 1 2 0 0 0 2097152
189500000 0 0 2 0 0 0 2097152
189503200 0 0 2 0 0 0 2097152
189506400 0 0 2 0 0 0 2097152
189509600 0 0 2 0 0 0 2097152
189512800 0 0 2 0 0 0 2097152
189516000 0 1 2 0 0 0 2097152
189519200 0 0 2 0 0 0 2097152
189522400 0 0 2 0 0 0 2097152
189525600 0 1 2 0 0 0 2097152
189528800 0 1 2 0 0 0 2097152
189532000 0 1 2 0 0 0 2097152
189535200 0 0 2 0 0 0 2097152
189538400 0 0 2 0 0 0 2097152
189541600 0 0 2 0 0 0 2097152
189544800 0 0 2 0 0 0 2097152
189548000 0 0 2 0 0 0 2097152
189551200 0 0 2 0 0 0 2097152
189554400 0 0 2 0 0 0 2097152
189557600 0 1 2 0 0 0 2097152
189560800 0 0 2 0 0 0 2097152
189564000 0 1 2 0 0 0 2097152
189567200 0 1 2 0 0 0 2097152
189570400 0 0 2 0 0 0 2097152
189573600 0 0 2 0 0 0 2097152
189576800 0 1 2 0 0 0 2097152
189580000 0 1 2 0 0 0 2097152
189583200 0 1 2 0 0 0 2097152
189586400 0 0 2 0 0 0 2097152
189589600 0 0 2 0 0 0 2097152
189592800 0 1 2 0 0 0 2097152
189596000 0 0 2 0 0 0 2097152
189599200 0 1 2 0 0 0 2097152
189602400 0 1 2 0 0 0 2097152
194857143 0 0 2 0 0 0 2097152
194860343 0 0 2 0 0 0 2097152
194863543 0 0 2 0 0 0 2097152
194866743 0 0 2 0 0 0 2097152
194869943 0 0 2 0 0 0 2097152
194873143 0 0 2 0 0 0 2097152
194876343 0 0 2 0 0 0 2097152
194879543 0 0 2 0 0 0 2097152
194882743 0 1 2 0 0 0 2097152
194885943 0 1 2 0 0 0 2097152
194889143 0 1 2 0 0 0 2097152
194892343 0 0 2 0 0 0 2097152
194895543 0 0 2 0 0 0 2097152
194898743 0 0 2 0 0 0 2097152
194901943 0 1 2 0 0 0 2097152
194905143 0 1 2 0 0 0 2097152
194908343 0 0 2 0 0 0 2097152
194911543 0 0 2 0 0 0 2097152
194914743 0 1 2 0 0 0 2097152
194917943 0 0 2 0 0 0 2097152
194921143 0 1 2 0 0 0 2097152
194924343 0 1 2 0 0 0 2097152
194927543 0 0 2 0 0 0 2097152
194930743 0 0 2 0 0 0 2097152
194933943 0 0 2 0 0 0 2097152
194937143 0 0 2 0 0 0 2097152
194940343 0 0 2 0 0 0 2097152
194943543 0 0 2 0 0 0 2097152
194946743 0 0 2 0 0 0 2097152
194949943 0 0 2 0 0 0 2097152
194953143 0 0 2 0 0 0 2097152
194956343 0 1 2 0 0 0 2097152
194959543 0 1 2 0 0 0 2097152
216285714 0 0 2 0 0 0 2097152
216288914 0 0 2 0 0 0 2097152
216292114 0 0 2 0 0 0 2097152
216295314 0 0 2 0 0 0 2097152
216298514 0 0 2 0 0 0 2097152
216301714 0 1 2 0 0 0 2097152
216304914 0 0 2 0 0 0 2097152
216308114 0 0 2 0 0 0 2097152
216311314 0 1 2 0 0 0 2097152
216314514 0 1 2 0 0 0 2097152
216317714 0 1 2 0 0 0 2097152
216320914 0 0 2 0 0 0 2097152
216324114 0 1 2 0 0 0 2097152
216327314 0 0 2 0 0 0 2097152
216330514 0 1 2 0 0 0 2097152
216333714 0 0 2 0 0 0 2097152
216336914 0 1 2 0 0 0 2097152
216340114 0 1 2 0 0 0 2097152
216343314 0 0 2 0 0 0 2097152
216346514 0 0 2 0 0 0 2097152
216349714 0 1 2 0 0 0 2097152
216352914 0 1 2 0 0 0 2097152
216356114 0 0 2 0 0 0 2097152
216359314 0 0 2 0 0 0 2097152
216362514 0 0 2 0 0 0 2097152
216365714 0 1 2 0 0 0 2097152
216368914 0 0 2 0 0 0 2097152
216372114 0 0 2 0 0 0 2097152
216375314 0 1 2 0 0 0 2097152
216378514 0 1 2 0 0 0 2097152
216381714 0 0 2 0 0 0 2097152
216384914 0 1 2 0 0 0 2097152
216388114 0 1 2 0 0 0 2097152
221642857 0 0 2 0 0 0 2097152
221646057 0 0 2 0 0 0 2097152
221649257 0 0 2 0 0 0 2097152
221652457 0 0 2 0 0 0 2097152
221655657 0 0 2 0 0 0 2097152
221658857 0 0 2 0 0 0 2097152
221662057 0 0 2 0 0 0 2097152
221665257 0 0 2 0 0 0 2097152
221668457 0 1 2 0 0 0 2097152
221671657 0 1 2 0 0 0 2097152
221674857 0 1 2 0 0 0 2097152
221678057 0 0 2 0 0 0 2097152
221681257 0 0 2 0 0 0 2097152
221684457 0 0 2 0 0 0 2097152
221687657 0 0 2 0 0 0 2097152
221690857 0 1 2 0 0 0 2097152
221694057 0 0 2 0 0 0 2097152
221697257 0 0 2 0 0 0 2097152
221700457 0 1 2 0 0 0 2097152
221703657 0 0 2 0 0 0 2097152
221706857 0 1 2 0 0 0 2097152
221710057 0 1 2 0 0 0 2097152
221713257 0 0 2 0 0 0 2097152
221716457 0 0 2 0 0 0 2097152
221719657 0 0 2 0 0 0 2097152
221722857 0 0 2 0 0 0 2097152
221726057 0 0 2 0 0 0 2097152
221729257 0 0 2 0 0 0 2097152
221732457 0 0 2 0 0 0 2097152
221735657 0 0 2 0 0 0 2097152
221738857 0 0 2 0 0 0 2097152
221742057 0 1 2 0 0 0 2097152
221745257 0 1 2 0 0 0 2097152
243071429 0 0 2 0 0 0 2097152
243074629 0 0 2 0 0 0 2097152
243077829 0 0 2 0 0 0 2097152
243081029 0 0 2 0 0 0 2097152
243084229 0 0 2 0 0 0 2097152
243087429 0 1 2 0 0 0 2097152
243090629 0 0 2 0 0 0 2097152
243093829 0 0 2 0 0 0 2097152
243097029 0 1 2 0 0 0 2097152
243100229 0 1 2 0 0 0 2097152
243103429 0 1 2 0 0 0 2097152
243106629 0 0 2 0 0 0 2097152
243109829 0 0 2 0 0 0 2097152
243113029 0 0 2 0 0 0 2097152
243116229 0 1 2 0 0 0 2097152
243119429 0 1 2 0 0 0 2097152
243122629 0 1 2 0 0 0 2097152
243125829 0 1 2 0 0 0 2097152
243129029 0 0 2 0 0 0 2097152
243132229 0 0 2 0 0 0 2097152
243135429 0 1 2 0 0 0 2097152
243138629 0 1 2 0 0 0 2097152
243141829 0 0 2 0 0 0 2097152
243145029 0 0 2 0 0 0 2097152
243148229 0 1 2 0 0 0 2097152
243151429 0 1 2 0 0 0 2097152
243154629 0 1 2 0 0 0 2097152
243157829 0 0 2 0 0 0 2097152
243161029 0 0 2 0 0 0 2097152
243164229 0 1 2 0 0 0 2097152
243167429 0 0 2 0 0 0 2097152
243170629 0 1 2 0 0 0 2097152
243173829 0 1 2 0 0 0 2097152
248428571 0 0 2 0 0 0 2097152
248431771 0 0 2 0 0 0 2097152
248434971 0 0 2 0 0 0 2097152
248438171 0 0 2 0 0 0 2097152
248441371 0 0 2 0 0 0 2097152
248444571 0 0 2 0 0 0 2097152
248447771 0 0 2 0 0 0 2097152
248450971 0 0 2 0 0 0 2097152
248454171 0 1 2 0 0 0 2097152
248457371 0 1 2 0 0 0 2097152
248460571 0 1 2 0 0 0 2097152
248463771 0 0 2 0 0 0 2097152
248466971 0 1 2 0 0 0 2097152
248470171 0 0 2 0 0 0 2097152
248473371 0 1 2 0 0 0 2097152
248476571 0 0 2 0 0 0 2097152
248479771 0 0 2 0 0 0 2097152
248482971 0 0 2 0 0 0 2097152
248486171 0 1 2 0 0 0 2097152
248489371 0 0 2 0 0 0 2097152
248492571 0 1 2 0 0 0 2097152
248495771 0 1 2 0 0 0 2097152
248498971 0 0 2 0 0 0 2097152
248502171 0 0 2 0 0 0 2097152
248505371 0 0 2 0 0 0 2097152
248508571 0 0 2 0 0 0 2097152
248511771 0 0 2 0 0 0 2097152
248514971 0 0 2 0 0 0 2097152
248518171 0 0 2 0 0 0 2097152
248521371 0 0 2 0 0 0 2097152
248524571 0 0 2 0 0 0 2097152
248527771 0 1 2 0 0 0 2097152
248530971 0 1 2 0 0 0 2097152
269857143 0 0 2 0 0 0 2097152
269860343 0 0 2 0 0 0 2097152
269863543 0 0 2 0 0 0 2097152
269866743 0 0 2 0 0 0 2097152
269869943 0 0 2 0 0 0 2097152
269873143 0 1 2 0 0 0 2097152
269876343 0 0 2 0 0 0 2097152
269879543 0 0 2 0 0 0 2097152
269882743 0 1 2 0 0 0 2097152
269885943 0 1 2 0 0 0 2097152
269889143 0 1 2 0 0 0 2097152
269892343 0 0 2 0 0 0 2097152
269895543 0 1 2 0 0 0 2097152
269898743 0 0 2 0 0 0 2097152
269901943 0 0 2 0 0 0 2097152
269905143 0 0 2 0 0 0 2097152
269908343 0 0 2 0 0 0 2097152
269911543 0 0 2 0 0 0 2097152
269914743 0 1 2 0 0 0 2097152
269917943 0 0 2 0 0 0 2097152
269921143 0 1 2 0 0 0 2097152
269924343 0 1 2 0 0 0 2097152
269927543 0 0 2 0 0 0 2097152
269930743 0 0 2 0 0 0 2097152
269933943 0 1 2 0 0 0 2097152
269937143 0 1 2 0 0 0 2097152
269940343 0 0 2 0 0 0 2097152
269943543 0 1 2 0 0 0 2097152
269946743 0 0 2 0 0 0 2097152
269949943 0 1 2 0 0 0 2097152
269953143 0 0 2 0 0 0 2097152
269956343 0 1 2 0 0 0 2097152
269959543 0 1 2 0 0 0 2097152
275214286 0 0 2 0 0 0 2097152
275217486 0 0 2 0 0 0 2097152
275220686 0 0 2 0 0 0 2097152
275223886 0 0 2 0 0 0 2097152
275227086 0 0 2 0 0 0 2097152
275230286 0 0 2 0 0 0 2097152
275233486 0 0 2 0 0 0 2097152
275236686 0 0 2 0 0 0 2097152
275239886 0 1 2 0 0 0 2097152
275243086 0 1 2 0 0 0 2097152
275246286 0 1 2 0 0 0 2097152
275249486 0 0 2 0 0 0 2097152
275252686 0 0 2 0 0 0 2097152
275255886 0 0 2 0 0 0 2097152
275259086 0 0 2 0 0 0 2097152
275262286 0 0 2 0 0 0 2097152
275265486 0 0 2 0 0 0 2097152
275268686 0 0 2 0 0 0 2097152
275271886 0 1 2 0 0 0 2097152
275275086 0 0 2 0 0 0 2097152
275278286 0 1 2 0 0 0 2097152
275281486 0 1 2 0 0 0 2097152
275284686 0 0 2 0 0 0 2097152
275287886 0 0 2 0 0 0 2097152
275291086 0 0 2 0 0 0 2097152
275294286 0 0 2 0 0 0 2097152
275297486 0 0 2 0 0 0 2097152
275300686 0 0 2 0 0 0 2097152
275303886 0 0 2 0 0 0 2097152
275307086 0 0 2 0 0 0 2097152
275310286 0 0 2 0 0 0 2097152
275313486 0 1 2 0 0 0 2097152
275316686 0 1 2 0 0 0 2097152
296642857 0 0 2 0 0 0 2097152
296646057 0 0 2 0 0 0 2097152
296649257 0 0 2 0 0 0 2097152
296652457 0 0 2 0 0 0 2097152
296655657 0 0 2 0 0 0 2097152
296658857 0 1 2 0 0 0 2097152
296662057 0 0 2 0 0 0 2097152
296665257 0 0 2 0 0 0 2097152
296668457 0 1 2 0 0 0 2097152
296671657 0 1 2 0 0 0 2097152
296674857 0 1 2 0 0 0 2097152
296678057 0 0 2 0 0 0 2097152
296681257 0 0 2 0 0 0 2097152
296684457 0 0 2 0 0 0 2097152
296687657 0 1 2 0 0 0 2097152
296690857 0 0 2 0 0 0 2097152
296694057 0 0 2 0 0 0 2097152
296697257 0 0 2 0 0 0 2097152
296700457 0 1 2 0 0 0 2097152
296703657 0 0 2 0 0 0 2097152
296706857 0 1 2 0 0 0 2097152
296710057 0 1 2 0 0 0 2097152
296713257 0 0 2 0 0 0 2097152
296716457 0 0 2 0 0 0 2097152
296719657 0 1 2 0 0 0 2097152
296722857 0 1 2 0 0 0 2097152
296726057 0 0 2 0 0 0 2097152
296729257 0 0 2 0 0 0 2097152
296732457 0 0 2 0 0 0 2097152
296735657 0 1 2 0 0 0 2097152
296738857 0 0 2 0 0 0 2097152
296742057 0 1 2 0 0 0 2097152
296745257 0 1 2 0 0 0 2097152
302000000 0 0 2 0 0 0 2097152
302003200 0 0 2 0 0 0 2097152
302006400 0 0 2 0 0 0 2097152
302009600 0 0 2 0 0 0 2097152
302012800 0 0 2 0 0 0 2097152
302016000 0 0 2 0 0 0 2097152
302019200 0 0 2 0 0 0 2097152
302022400 0 0 2 0 0 0 2097152
302025600 0 1 2 0 0 0 2097152
302028800 0 1 2 0 0 0 2097152
302032000 0 1 2 0 0 0 2097152
302035200 0 0 2 0 0 0 2097152
302038400 0 1 2 0 0 0 2097152
302041600 0 0 2 0 0 0 2097152
302044800 0 1 2 0 0 0 2097152
302048000 0 0 2 0 0 0 2097152
302051200 0 1 2 0 0 0 2097152
302054400 0 1 2 0 0 0 2097152
302057600 0 0 2 0 0 0 2097152
302060800 0 0 2 0 0 0 2097152
302064000 0 1 2 0 0 0 2097152
302067200 0 1 2 0 0 0 2097152
302070400 0 0 2 0 0 0 2097152
302073600 0 0 2 0 0 0 2097152
302076800 0 0 2 0 0 0 2097152
302080000 0 0 2 0 0 0 2097152
302083200 0 0 2 0 0 0 2097152
302086400 0 0 2 0 0 0 2097152
302089600 0 0 2 0 0 0 2097152
302092800 0 0 2 0 0 0 2097152
302096000 0 0 2 0 0 0 2097152
302099200 0 1 2 0 0 0 2097152
302102400 0 1 2 0 0 0 2097152
323428571 0 0 2 0 0 0 2097152
323431771 0 0 2 0 0 0 2097152
323434971 0 0 2 0 0 0 2097152
323438171 0 0 2 0 0 0 2097152
323441371 0 0 2 0 0 0 2097152
323444571 0 1 2 0 0 0 2097152
323447771 0 0 2 0 0 0 2097152
323450971 0 0 2 0 0 0 2097152
323454171 0 1 2 0 0 0 2097152
323457371 0 1 2 0 0 0 2097152
323460571 0 1 2 0 0 0 2097152
323463771 0 0 2 0 0 0 2097152
323466971 0 0 2 0 0 0 2097152
323470171 0 0 2 0 0 0 2097152
323473371 0 0 2 0 0 0 2097152
323476571 0 1 2 0 0 0 2097152
323479771 0 0 2 0 0 0 2097152
323482971 0 0 2 0 0 0 2097152
323486171 0 1 2 0 0 0 2097152
323489371 0 0 2 0 0 0 2097152
323492571 0 1 2 0 0 0 2097152
323495771 0 1 2 0 0 0 2097152
323498971 0 0 2 0 0 0 2097152
323502171 0 0 2 0 0 0 2097152
323505371 0 1 2 0 0 0 2097152
323508571 0 1 2 0 0 0 2097152
323511771 0 1 2 0 0 0 2097152
323514971 0 0 2 0 0 0 2097152
323518171 0 0 2 0 0 0 2097152
323521371 0 1 2 0 0 0 2097152
323524571 0 0 2 0 0 0 2097152
323527771 0 1 2 0 0 0 2097152
323530971 0 1 2 0 0 0 2097152
328785714 0 0 2 0 0 0 2097152
328788914 0 0 2 0 0 0 2097152
328792114 0 0 2 0 0 0 2097152
328795314 0 0 2 0 0 0 2097152
328798514 0 0 2 0 0 0 2097152
328801714 0 0 2 0 0 0 2097152
328804914 0 0 2 0 0 0 2097152
328808114 0 0 2 0 0 0 2097152
328811314 0 1 2 0 0 0 2097152
328814514 0 1 2 0 0 0 2097152
328817714 0 1 2 0 0 0 2097152
328820914 0 0 2 0 0 0 2097152
328824114 0 0 2 0 0 0 2097152
328827314 0 0 2 0 0 0 2097152
328830514 0 1 2 0 0 0 2097152
328833714 0 1 2 0 0 0 2097152
328836914 0 1 2 0 0 0 2097152
328840114 0 1 2 0 0 0 2097152
328843314 0 0 2 0 0 0 2097152
328846514 0 0 2 0 0 0 2097152
328849714 0 1 2 0 0 0 2097152
328852914 0 1 2 0 0 0 2097152
328856114 0 0 2 0 0 0 2097152
328859314 0 0 2 0 0 0 2097152
328862514 0 0 2 0 0 0 2097152
328865714 0 0 2 0 0 0 2097152
328868914 0 0 2 0 0 0 2097152
328872114 0 0 2 0 0 0 2097152
328875314 0 0 2 0 0 0 2097152
328878514 0 0 2 0 0 0 2097152
328881714 0 0 2 0 0 0 2097152
328884914 0 1 2 0 0 0 2097152
328888114 0 1 2 0 0 0 2097152
350214286 0 0 2 0 0 0 2097152
350217486 0 0 2 0 0 0 2097152
350220686 0 0 2 0 0 0 2097152
350223886 0 0 2 0 0 0 2097152
350227086 0 0 2 0 0 0 2097152
350230286 0 1 2 0 0 0 2097152
350233486 0 0 2 0 0 0 2097152
350236686 0 0 2 0 0 0 2097152
350239886 0 1 2 0 0 0 2097152
350243086 0 1 2 0 0 0 2097152
350246286 0 1 2 0 0 0 2097152
350249486 0 0 2 0 0 0 2097152
350252686 0 0 2 0 0 0 2097152
350255886 0 0 2 0 0 0 2097152
350259086 0 1 2 0 0 0 2097152
350262286 0 0 2 0 0 0 2097152
350265486 0 0 2 0 0 0 2097152
350268686 0 0 2 0 0 0 2097152
350271886 0 1 2 0 0 0 2097152
350275086 0 0 2 0 0 0 2097152
350278286 0 1 2 0 0 0 2097152
350281486 0 1 2 0 0 0 2097152
350284686 0 0 2 0 0 0 2097152
350287886 0 0 2 0 0 0 2097152
350291086 0 1 2 0 0 0 2097152
350294286 0 1 2 0 0 0 2097152
350297486 0 0 2 0 0 0 2097152
350300686 0 1 2 0 0 0 2097152
350303886 0 0 2 0 0 0 2097152
350307086 0 1 2 0 0 0 2097152
350310286 0 0 2 0 0 0 2097152
350313486 0 1 2 0 0 0 2097152
350316686 0 1 2 0 0 0 2097152
355571429 0 0 2 0 0 0 2097152
355574629 0 0 2 0 0 0 2097152
355577829 0 0 2 0 0 0 2097152
355581029 0 0 2 0 0 0 2097152
355584229 0 0 2 0 0 0 2097152
355587429 0 0 2 0 0 0 2097152
355590629 0 0 2 0 0 0 2097152
355593829 0 0 2 0 0 0 2097152
355597029 0 1 2 0 0 0 2097152
355600229 0 1 2 0 0 0 2097152
355603429 0 1 2 0 0 0 2097152
355606629 0 0 2 0 0 0 2097152
355609829 0 1 2 0 0 0 2097152
355613029 0 0 2 0 0 0 2097152
355616229 0 0 2 0 0 0 2097152
355619429 0 0 2 0 0 0 2097152
355622629 0 0 2 0 0 0 2097152
355625829 0 0 2 0 0 0 2097152
355629029 0 1 2 0 0 0 2097152
355632229 0 0 2 0 0 0 2097152
355635429 0 1 2 0 0 0 2097152
355638629 0 1 2 0 0 0 2097152
355641829 0 0 2 0 0 0 2097152
355645029 0 0 2 0 0 0 2097152
355648229 0 0 2 0 0 0 2097152
355651429 0 0 2 0 0 0 2097152
355654629 0 0 2 0 0 0 2097152
355657829 0 0 2 0 0 0 2097152
355661029 0 0 2 0 0 0 2097152
355664229 0 0 2 0 0 0 2097152
355667429 0 0 2 0 0 0 2097152
355670629 0 1 2 0 0 0 2097152
355673829 0 1 2 0 0 0 2097152
377000000 0 0 2 0 0 0 2097152
377003200 0 0 2 0 0 0 2097152
377006400 0 0 2 0 0 0 2097152
377009600 0 0 2 0 0 0 2097152
377012800 0 0 2 0 0 0 2097152
377016000 0 1 2 0 0 0 2097152
377019200 0 0 2 0 0 0 2097152
377022400 0 0 2 0 0 0 2097152
377025600 0 1 2 0 0 0 2097152
377028800 0 1 2 0 0 0 2097152
377032000 0 1 2 0 0 0 2097152
377035200 0 0 2 0 0 0 2097152
377038400 0 1 2 0 0 0 2097152
377041600 0 0 2 0 0 0 2097152
377044800 0 0 2 0 0 0 2097152
377048000 0 0 2 0 0 0 2097152
377051200 0 0 2 0 0 0 2097152
377054400 0 0 2 0 0 0 2097152
377057600 0 1 2 0 0 0 2097152
377060800 0 0 2 0 0 0 2097152
377064000 0 1 2 0 0 0 2097152
377067200 0 1 2 0 0 0 2097152
377070400 0 0 2 0 0 0 2097152
377073600 0 0 2 0 0 0 2097152
377076800 0 1 2 0 0 0 2097152
377080000 0 1 2 0 0 0 2097152
377083200 0 0 2 0 0 0 2097152
377086400 0 0 2 0 0 0 2097152
377089600 0 0 2 0 0 0 2097152
377092800 0 1 2 0 0 0 2097152
377096000 0 0 2 0 0 0 2097152
377099200 0 1 2 0 0 0 2097152
377102400 0 1 2 0 0 0 2097152
382357143 0 0 2 0 0 0 2097152
382360343 0 0 2 0 0 0 2097152
382363543 0 0 2 0 0 0 2097152
382366743 0 0 2 0 0 0 2097152
382369943 0 0 2 0 0 0 2097152
382373143 0 0 2 0 0 0 2097152
382376343 0 0 2 0 0 0 2097152
382379543 0 0 2 0 0 0 2097152
382382743 0 1 2 0 0 0 2097152
382385943 0 1 2 0 0 0 2097152
382389143 0 1 2 0 0 0 2097152
382392343 0 0 2 0 0 0 2097152
382395543 0 0 2 0 0 0 2097152
382398743 0 0 2 0 0 0 2097152
382401943 0 1 2 0 0 0 2097152
382405143 0 0 2 0 0 0 2097152
382408343 0 0 2 0 0 0 2097152
382411543 0 0 2 0 0 0 2097152
382414743 0 1 2 0 0 0 2097152
382417943 0 0 2 0 0 0 2097152
382421143 0 1 2 0 0 0 2097152
382424343 0 1 2 0 0 0 2097152
382427543 0 0 2 0 0 0 2097152
382430743 0 0 2 0 0 0 2097152
382433943 0 0 2 0 0 0 2097152
382437143 0 0 2 0 0 0 2097152
382440343 0 0 2 0 0 0 2097152
382443543 0 0 2 0 0 0 2097152
382446743 0 0 2 0 0 0 2097152
382449943 0 0 2 0 0 0 2097152
382453143 0 0 2 0 0 0 2097152
382456343 0 1 2 0 0 0 2097152
382459543 0 1 2 0 0 0 2097152
403785714 0 0 2 0 0 0 2097152
403788914 0 0 2 0 0 0 2097152
403792114 0 0 2 0 0 0 2097152
403795314 0 0 2 0 0 0 2097152
403798514 0 0 2 0 0 0 2097152
403801714 0 1 2 0 0 0 2097152
403804914 0 0 2 0 0 0 2097152
403808114 0 0 2 0 0 0 2097152
403811314 0 1 2 0 0 0 2097152
403814514 0 1 2 0 0 0 2097152
403817714 0 1 2 0 0 0 2097152
403820914 0 0 2 0 0 0 2097152
403824114 0 0 2 0 0 0 2097152
403827314 0 0 2 0 0 0 2097152
403830514 0 1 2 0 0 0 2097152
403833714 0 1 2 0 0 0 2097152
403836914 0 1 2 0 0 0 2097152
403840114 0 1 2 0 0 0 2097152
403843314 0 0 2 0 0 0 2097152
403846514 0 0 2 0 0 0 2097152
403849714 0 1 2 0 0 0 2097152
403852914 0 1 2 0 0 0 2097152
403856114 0 0 2 0 0 0 2097152
403859314 0 0 2 0 0 0 2097152
403862514 0 1 2 0 0 0 2097152
403865714 0 1 2 0 0 0 2097152
403868914 0 1 2 0 0 0 2097152
403872114 0 0 2 0 0 0 2097152
403875314 0 0 2 0 0 0 2097152
403878514 0 1 2 0 0 0 2097152
403881714 0 0 2 0 0 0 2097152
403884914 0 1 2 0 0 0 2097152
403888114 0 1 2 0 0 0 2097152
409142857 0 0 2 0 0 0 2097152
409146057 0 0 2 0 0 0 2097152
409149257 0 0 2 0 0 0 2097152
409152457 0 0 2 0 0 0 2097152
409155657 0 0 2 0 0 0 2097152
409158857 0 0 2 0 0 0 2097152
409162057 0 0 2 0 0 0 2097152
409165257 0 0 2 0 0 0 2097152
409168457 0 1 2 0 0 0 2097152
409171657 0 1 2 0 0 0 2097152
409174857 0 1 2 0 0 0 2097152
409178057 0 0 2 0 0 0 2097152
409181257 0 0 2 0 0 0 2097152
409184457 0 0 2 0 0 0 2097152
409187657 0 0 2 0 0 0 2097152
409190857 0 1 2 0 0 0 2097152
409194057 0 0 2 0 0 0 2097152
409197257 0 0 2 0 0 0 2097152
409200457 0 1 2 0 0 0 2097152
409203657 0 0 2 0 0 0 2097152
409206857 0 1 2 0 0 0 2097152
409210057 0 1 2 0 0 0 2097152
409213257 0 0 2 0 0 0 2097152
409216457 0 0 2 0 0 0 2097152
409219657 0 0 2 0 0 0 2097152
409222857 0 0 2 0 0 0 2097152
409226057 0 0 2 0 0 0 2097152
409229257 0 0 2 0 0 0 2097152
409232457 0 0 2 0 0 0 2097152
409235657 0 0 2 0 0 0 2097152
409238857 0 0 2 0 0 0 2097152
409242057 0 1 2 0 0 0 2097152
409245257 0 1 2 0 0 0 2097152
430571429 0 0 2 0 0 0 2097152
430574629 0 0 2 0 0 0 2097152
430577829 0 0 2 0 0 0 2097152
430581029 0 0 2 0 0 0 2097152
430584229 0 0 2 0 0 0 2097152
430587429 0 1 2 0 0 0 2097152
430590629 0 0 2 0 0 0 2097152
430593829 0 0 2 0 0 0 2097152
430597029 0 1 2 0 0 0 2097152
430600229 0 1 2 0 0 0 2097152
430603429 0 1 2 0 0 0 2097152
430606629 0 0 2 0 0 0 2097152
430609829 0 0 2 0 0 0 2097152
430613029 0 0 2 0 0 0 2097152
430616229 0 1 2 0 0 0 2097152
430619429 0 1 2 0 0 0 2097152
430622629 0 1 2 0 0 0 2097152
430625829 0 1 2 0 0 0 2097152
430629029 0 0 2 0 0 0 2097152
430632229 0 0 2 0 0 0 2097152
430635429 0 1 2 0 0 0 2097152
430638629 0 1 2 0 0 0 2097152
430641829 0 0 2 0 0 0 2097152
430645029 0 0 2 0 0 0 2097152
430648229 0 0 2 0 0 0 2097152
430651429 0 1 2 0 0 0 2097152
430654629 0 0 2 0 0 0 2097152
430657829 0 0 2 0 0 0 2097152
430661029 0 1 2 0 0 0 2097152
430664229 0 1 2 0 0 0 2097152
430667429 0 0 2 0 0 0 2097152
430670629 0 1 2 0 0 0 2097152
430673829 0 1 2 0 0 0 2097152
435928571 0 0 2 0 0 0 2097152
435931771 0 0 2 0 0 0 2097152
435934971 0 0 2 0 0 0 2097152
435938171 0 0 2 0 0 0 2097152
435941371 0 0 2 0 0 0 2097152
435944571 0 0 2 0 0 0 2097152
435947771 0 0 2 0 0 0 2097152
435950971 0 0 2 0 0 0 2097152
435954171 0 1 2 0 0 0 2097152
435957371 0 1 2 0 0 0 2097152
435960571 0 1 2 0 0 0 2097152
435963771 0 0 2 0 0 0 2097152
435966971 0 0 2 0 0 0 2097152
435970171 0 0 2 0 0 0 2097152
435973371 0 1 2 0 0 0 2097152
435976571 0 0 2 0 0 0 2097152
435979771 0 0 2 0 0 0 2097152
435982971 0 0 2 0 0 0 2097152
435986171 0 1 2 0 0 0 2097152
435989371 0 0 2 0 0 0 2097152
435992571 0 1 2 0 0 0 2097152
435995771 0 1 2 0 0 0 2097152
435998971 0 0 2 0 0 0 2097152
436002171 0 0 2 0 0 0 2097152
436005371 0 0 2 0 0 0 2097152
436008571 0 0 2 0 0 0 2097152
436011771 0 0 2 0 0 0 2097152
436014971 0 0 2 0 0 0 2097152
436018171 0 0 2 0 0 0 2097152
436021371 0 0 2 0 0 0 2097152
436024571 0 0 2 0 0 0 2097152
436027771 0 1 2 0 0 0 2097152
436030971 0 1 2 0 0 0 2097152
457357143 0 0 2 0 0 0 2097152
457360343 0 0 2 0 0 0 2097152
457363543 0 0 2 0 0 0 2097152
457366743 0 0 2 0 0 0 2097152
457369943 0 0 2 0 0 0 2097152
457373143 0 1 2 0 0 0 2097152
457376343 0 0 2 0 0 0 2097152
457379543 0 0 2 0 0 0 2097152
457382743 0 1 2 0 0 0 2097152
457385943 0 1 2 0 0 0 2097152
457389143 0 1 2 0 0 0 2097152
457392343 0 0 2 0 0 0 2097152
457395543 0 1 2 0 0 0 2097152
457398743 0 1 2 0 0 0 2097152
457401943 0 0 2 0 0 0 2097152
457405143 0 0 2 0 0 0 2097152
457408343 0 0 2 0 0 0 2097152
457411543 0 0 2 0 0 0 2097152
457414743 0 1 2 0 0 0 2097152
457417943 0 0 2 0 0 0 2097152
457421143 0 1 2 0 0 0 2097152
457424343 0 1 2 0 0 0 2097152
457427543 0 0 2 0 0 0 2097152
457430743 0 0 2 0 0 0 2097152
457433943 0 1 2 0 0 0 2097152
457437143 0 1 2 0 0 0 2097152
457440343 0 1 2 0 0 0 2097152
457443543 0 0 2 0 0 0 2097152
457446743 0 0 2 0 0 0 2097152
457449943 0 1 2 0 0 0 2097152
457453143 0 0 2 0 0 0 2097152
457456343 0 1 2 0 0 0 2097152
457459543 0 1 2 0 0 0 2097152
462714286 0 0 2 0 0 0 2097152
462717486 0 0 2 0 0 0 2097152
462720686 0 0 2 0 0 0 2097152
462723886 0 0 2 0 0 0 2097152
462727086 0 0 2 0 0 0 2097152
462730286 0 0 2 0 0 0 2097152
462733486 0 0 2 0 0 0 2097152
462736686 0 0 2 0 0 0 2097152
462739886 0 1 2 0 0 0 2097152
462743086 0 1 2 0 0 0 2097152
462746286 0 1 2 0 0 0 2097152
462749486 0 0 2 0 0 0 2097152
462752686 0 1 2 0 0 0 2097152
462755886 0 0 2 0 0 0 2097152
462759086 0 0 2 0 0 0 2097152
462762286 0 0 2 0 0 0 2097152
462765486 0 0 2 0 0 0 2097152
462768686 0 0 2 0 0 0 2097152
462771886 0 1 2 0 0 0 2097152
462775086 0 0 2 0 0 0 2097152
462778286 0 1 2 0 0 0 2097152
462781486 0 1 2 0 0 0 2097152
462784686 0 0 2 0 0 0 2097152
462787886 0 0 2 0 0 0 2097152
462791086 0 0 2 0 0 0 2097152
462794286 0 0 2 0 0 0 2097152
462797486 0 0 2 0 0 0 2097152
462800686 0 0 2 0 0 0 2097152
462803886 0 0 2 0 0 0 2097152
462807086 0 0 2 0 0 0 2097152
462810286 0 0 2 0 0 0 2097152
462813486 0 1 2 0 0 0 2097152
462816686 0 1 2 0 0 0 2097152
484142857 0 0 2 0 0 0 2097152
484146057 0 0 2 0 0 0 2097152
484149257 0 0 2 0 0 0 2097152
484152457 0 0 2 0 0 0 2097152
484155657 0 0 2 0 0 0 2097152
484158857 0 1 2 0 0 0 2097152
484162057 0 0 2 0 0 0 2097152
484165257 0 0 2 0 0 0 2097152
484168457 0 1 2 0 0 0 2097152
484171657 0 1 2 0 0 0 2097152
484174857 0 1 2 0 0 0 2097152
484178057 0 0 2 0 0 0 2097152
484181257 0 0 2 0 0 0 2097152
484184457 0 0 2 0 0 0 2097152
484187657 0 0 2 0 0 0 2097152
484190857 0 1 2 0 0 0 2097152
484194057 0 0 2 0 0 0 2097152
484197257 0 0 2 0 0 0 2097152
484200457 0 1 2 0 0 0 2097152
484203657 0 0 2 0 0 0 2097152
484206857 0 1 2 0 0 0 2097152
484210057 0 1 2 0 0 0 2097152
484213257 0 0 2 0 0 0 2097152
484216457 0 0 2 0 0 0 2097152
484219657 0 1 2 0 0 0 2097152
484222857 0 1 2 0 0 0 2097152
484226057 0 0 2 0 0 0 2097152
484229257 0 1 2 0 0 0 2097152
484232457 0 0 2 0 0 0 2097152
484235657 0 1 2 0 0 0 2097152
484238857 0 0 2 0 0 0 2097152
484242057 0 1 2 0 0 0 2097152
484245257 0 1 2 0 0 0 2097152
489500000 0 0 2 0 0 0 2097152
489503200 0 0 2 0 0 0 2097152
489506400 0 0 2 0 0 0 2097152
489509600 0 0 2 0 0 0 2097152
489512800 0 0 2 0 0 0 2097152
489516000 0 0 2 0 0 0 2097152
489519200 0 0 2 0 0 0 2097152
489522400 0 0 2 0 0 0 2097152
489525600 0 1 2 0 0 0 2097152
489528800 0 1 2 0 0 0 2097152
489532000 0 1 2 0 0 0 2097152
489535200 0 0 2 0 0 0 2097152
489538400 0 0 2 0 0 0 2097152
489541600 0 0 2 0 0 0 2097152
489544800 0 1 2 0 0 0 2097152
489548000 0 1 2 0 0 0 2097152
489551200 0 1 2 0 0 0 2097152
489554400 0 1 2 0 0 0 2097152
489557600 0 0 2 0 0 0 2097152
489560800 0 0 2 0 0 0 2097152
489564000 0 1 2 0 0 0 2097152
489567200 0 1 2 0 0 0 2097152
489570400 0 0 2 0 0 0 2097152
489573600 0 0 2 0 0 0 2097152
489576800 0 0 2 0 0 0 2097152
489580000 0 0 2 0 0 0 2097152
489583200 0 0 2 0 0 0 2097152
489586400 0 0 2 0 0 0 2097152
489589600 0 0 2 0 0 0 2097152
489592800 0 0 2 0 0 0 2097152
489596000 0 0 2 0 0 0 2097152
489599200 0 1 2 0 0 0 2097152
489602400 0 1 2 0 0 0 2097152
510928571 0 0 2 0 0 0 2097152
510931771 0 0 2 0 0 0 2097152
510934971 0 0 2 0 0 0 2097152
510938171 0 0 2 0 0 0 2097152
510941371 0 0 2 0 0 0 2097152
510944571 0 1 2 0 0 0 2097152
510947771 0 0 2 0 0 0 2097152
510950971 0 0 2 0 0 0 2097152
510954171 0 1 2 0 0 0 2097152
510957371 0 1 2 0 0 0 2097152
510960571 0 1 2 0 0 0 2097152
510963771 0 0 2 0 0 0 2097152
510966971 0 1 2 0 0 0 2097152
510970171 0 1 2 0 0 0 2097152
510973371 0 0 2 0 0 0 2097152
510976571 0 1 2 0 0 0 2097152
510979771 0 0 2 0 0 0 2097152
510982971 0 0 2 0 0 0 2097152
510986171 0 1 2 0 0 0 2097152
510989371 0 0 2 0 0 0 2097152
510992571 0 1 2 0 0 0 2097152
510995771 0 1 2 0 0 0 2097152
510998971 0 0 2 0 0 0 2097152
511002171 0 0 2 0 0 0 2097152
511005371 0 1 2 0 0 0 2097152
511008571 0 1 2 0 0 0 2097152
511011771 0 0 2 0 0 0 2097152
511014971 0 0 2 0 0 0 2097152
511018171 0 0 2 0 0 0 2097152
511021371 0 1 2 0 0 0 2097152
511024571 0 0 2 0 0 0 2097152
511027771 0 1 2 0 0 0 2097152
511030971 0 1 2 0 0 0 2097152
516285714 0 0 2 0 0 0 2097152
516288914 0 0 2 0 0 0 2097152
516292114 0 0 2 0 0 0 2097152
516295314 0 0 2 0 0 0 2097152
516298514 0 0 2 0 0 0 2097152
516301714 0 0 2 0 0 0 2097152
516304914 0 0 2 0 0 0 2097152
516308114 0 0 2 0 0 0 2097152
516311314 0 1 2 0 0 0 2097152
516314514 0 1 2 0 0 0 2097152
516317714 0 1 2 0 0 0 2097152
516320914 0 0 2 0 0 0 2097152
516324114 0 0 2 0 0 0 2097152
516327314 0 0 2 0 0 0 2097152
516330514 0 1 2 0 0 0 2097152
516333714 0 1 2 0 0 0 2097152
516336914 0 1 2 0 0 0 2097152
516340114 0 1 2 0 0 0 2097152
516343314 0 0 2 0 0 0 2097152
516346514 0 0 2 0 0 0 2097152
516349714 0 1 2 0 0 0 2097152
516352914 0 1 2 0 0 0 2097152
516356114 0 0 2 0 0 0 2097152
516359314 0 0 2 0 0 0 2097152
516362514 0 0 2 0 0 0 2097152
516365714 0 0 2 0 0 0 2097152
516368914 0 0 2 0 0 0 2097152
516372114 0 0 2 0 0 0 2097152
516375314 0 0 2 0 0 0 2097152
516378514 0 0 2 0 0 0 2097152
516381714 0 0 2 0 0 0 2097152
516384914 0 1 2 0 0 0 2097152
516388114 0 1 2 0 0 0 2097152
537714286 0 0 2 0 0 0 2097152
537717486 0 0 2 0 0 0 2097152
537720686 0 0 2 0 0 0 2097152
537723886 0 0 2 0 0 0 2097152
537727086 0 0 2 0 0 0 2097152
537730286 0 1 2 0 0 0 2097152
537733486 0 0 2 0 0 0 2097152
537736686 0 0 2 0 0 0 2097152
537739886 0 1 2 0 0 0 2097152
537743086 0 1 2 0 0 0 2097152
537746286 0 1 2 0 0 0 2097152
537749486 0 0 2 0 0 0 2097152
537752686 0 1 2 0 0 0 2097152
537755886 0 1 2 0 0 0 2097152
537759086 0 1 2 0 0 0 2097152
537762286 0 1 2 0 0 0 2097152
537765486 0 0 2 0 0 0 2097152
537768686 0 0 2 0 0 0 2097152
537771886 0 1 2 0 0 0 2097152
537775086 0 0 2 0 0 0 2097152
537778286 0 1 2 0 0 0 2097152
537781486 0 1 2 0 0 0 2097152
537784686 0 0 2 0 0 0 2097152
537787886 0 0 2 0 0 0 2097152
537791086 0 1 2 0 0 0 2097152
537794286 0 1 2 0 0 0 2097152
537797486 0 1 2 0 0 0 2097152
537800686 0 0 2 0 0 0 2097152
537803886 0 0 2 0 0 0 2097152
537807086 0 1 2 0 0 0 2097152
537810286 0 0 2 0 0 0 2097152
537813486 0 1 2 0 0 0 2097152
537816686 0 1 2 0 0 0 2097152
543071429 0 0 2 0 0 0 2097152
543074629 0 0 2 0 0 0 2097152
543077829 0 0 2 0 0 0 2097152
543081029 0 0 2 0 0 0 2097152
543084229 0 0 2 0 0 0 2097152
543087429 0 0 2 0 0 0 2097152
543090629 0 0 2 0 0 0 2097152
543093829 0 0 2 0 0 0 2097152
543097029 0 1 2 0 0 0 2097152
543100229 0 1 2 0 0 0 2097152
543103429 0 1 2 0 0 0 2097152
543106629 0 0 2 0 0 0 2097152
543109829 0 1 2 0 0 0 2097152
543113029 0 1 2 0 0 0 2097152
543116229 0 0 2 0 0 0 2097152
543119429 0 0 2 0 0 0 2097152
543122629 0 0 2 0 0 0 2097152
543125829 0 0 2 0 0 0 2097152
543129029 0 1 2 0 0 0 2097152
543132229 0 0 2 0 0 0 2097152
543135429 0 1 2 0 0 0 2097152
543138629 0 1 2 0 0 0 2097152
543141829 0 0 2 0 0 0 2097152
543145029 0 0 2 0 0 0 2097152
543148229 0 0 2 0 0 0 2097152
543151429 0 0 2 0 0 0 2097152
543154629 0 0 2 0 0 0 2097152
543157829 0 0 2 0 0 0 2097152
543161029 0 0 2 0 0 0 2097152
543164229 0 0 2 0 0 0 2097152
543167429 0 0 2 0 0 0 2097152
543170629 0 1 2 0 0 0 2097152
543173829 0 1 2 0 0 0 2097152
564500000 0 0 2 0 0 0 2097152
564503200 0 0 2 0 0 0 2097152
564506400 0 0 2 0 0 0 2097152
564509600 0 0 2 0 0 0 2097152
564512800 0 0 2 0 0 0 2097152
564516000 0 1 2 0 0 0 2097152
564519200 0 0 2 0 0 0 2097152
564522400 0 0 2 0 0 0 2097152
564525600 0 1 2 0 0 0 2097152
564528800 0 1 2 0 0 0 2097152
564532000 0 1 2 0 0 0 2097152
564535200 0 0 2 0 0 0 2097152
564538400 0 1 2 0 0 0 2097152
564541600 0 1 2 0 0 0 2097152
564544800 0 0 2 0 0 0 2097152
564548000 0 1 2 0 0 0 2097152
564551200 0 0 2 0 0 0 2097152
564554400 0 0 2 0 0 0 2097152
564557600 0 1 2 0 0 0 2097152
564560800 0 0 2 0 0 0 2097152
564564000 0 1 2 0 0 0 2097152
564567200 0 1 2 0 0 0 2097152
564570400 0 0 2 0 0 0 2097152
564573600 0 0 2 0 0 0 2097152
564576800 0 1 2 0 0 0 2097152
564580000 0 1 2 0 0 0 2097152
564583200 0 0 2 0 0 0 2097152
564586400 0 1 2 0 0 0 2097152
564589600 0 0 2 0 0 0 2097152
564592800 0 1 2 0 0 0 2097152
564596000 0 0 2 0 0 0 2097152
564599200 0 1 2 0 0 0 2097152
564602400 0 1 2 0 0 0 2097152
569857143 0 0 2 0 0 0 2097152
569860343 0 0 2 0 0 0 2097152
569863543 0 0 2 0 0 0 2097152
569866743 0 0 2 0 0 0 2097152
569869943 0 0 2 0 0 0 2097152
569873143 0 0 2 0 0 0 2097152
569876343 0 0 2 0 0 0 2097152
569879543 0 0 2 0 0 0 2097152
569882743 0 1 2 0 0 0 2097152
569885943 0 1 2 0 0 0 2097152
569889143 0 1 2 0 0 0 2097152
569892343 0 0 2 0 0 0 2097152
569895543 0 0 2 0 0 0 2097152
569898743 0 0 2 0 0 0 2097152
569901943 0 0 2 0 0 0 2097152
569905143 0 1 2 0 0 0 2097152
569908343 0 0 2 0 0 0 2097152
569911543 0 0 2 0 0 0 2097152
569914743 0 1 2 0 0 0 2097152
569917943 0 0 2 0 0 0 2097152
569921143 0 1 2 0 0 0 2097152
569924343 0 1 2 0 0 0 2097152
569927543 0 0 2 0 0 0 2097152
569930743 0 0 2 0 0 0 2097152
569933943 0 0 2 0 0 0 2097152
569937143 0 0 2 0 0 0 2097152
569940343 0 0 2 0 0 0 2097152
569943543 0 0 2 0 0 0 2097152
569946743 0 0 2 0 0 0 2097152
569949943 0 0 2 0 0 0 2097152
569953143 0 0 2 0 0 0 2097152
569956343 0 1 2 0 0 0 2097152
569959543 0 1 2 0 0 0 2097152
591285714 0 0 2 0 0 0 2097152
591288914 0 0 2 0 0 0 2097152
591292114 0 0 2 0 0 0 2097152
591295314 0 0 2 0 0 0 2097152
591298514 0 0 2 0 0 0 2097152
591301714 0 1 2 0 0 0 2097152
591304914 0 0 2 0 0 0 2097152
591308114 0 0 2 0 0 0 2097152
591311314 0 1 2 0 0 0 2097152
591314514 0 1 2 0 0 0 2097152
591317714 0 1 2 0 0 0 2097152
591320914 0 0 2 0 0 0 2097152
591324114 0 0 2 0 0 0 2097152
591327314 0 0 2 0 0 0 2097152
591330514 0 0 2 0 0 0 2097152
591333714 0 1 2 0 0 0 2097152
591336914 0 0 2 0 0 0 2097152
591340114 0 0 2 0 0 0 2097152
591343314 0 1 2 0 0 0 2097152
591346514 0 0 2 0 0 0 2097152
591349714 0 1 2 0 0 0 2097152
591352914 0 1 2 0 0 0 2097152
591356114 0 0 2 0 0 0 2097152
591359314 0 0 2 0 0 0 2097152
591362514 0 1 2 0 0 0 2097152
591365714 0 1 2 0 0 0 2097152
591368914 0 0 2 0 0 0 2097152
591372114 0 0 2 0 0 0 2097152
591375314 0 0 2 0 0 0 2097152
591378514 0 1 2 0 0 0 2097152
591381714 0 0 2 0 0 0 2097152
591384914 0 1 2 0 0 0 2097152
591388114 0 1 2 0 0 0 2097152
596642857 0 0 2 0 0 0 2097152
596646057 0 0 2 0 0 0 2097152
596649257 0 0 2 0 0 0 2097152
596652457 0 0 2 0 0 0 2097152
596655657 0 0 2 0 0 0 2097152
596658857 0 0 2 0 0 0 2097152
596662057 0 0 2 0 0 0 2097152
596665257 0 0 2 0 0 0 2097152
596668457 0 1 2 0 0 0 2097152
596671657 0 1 2 0 0 0 2097152
596674857 0 1 2 0 0 0 2097152
596678057 0 0 2 0 0 0 2097152
596681257 0 1 2 0 0 0 2097152
596684457 0 1 2 0 0 0 2097152
596687657 0 0 2 0 0 0 2097152
596690857 0 1 2 0 0 0 2097152
596694057 0 0 2 0 0 0 2097152
596697257 0 0 2 0 0 0 2097152
596700457 0 1 2 0 0 0 2097152
596703657 0 0 2 0 0 0 2097152
596706857 0 1 2 0 0 0 2097152
596710057 0 1 2 0 0 0 2097152
596713257 0 0 2 0 0 0 2097152
596716457 0 0 2 0 0 0 2097152
596719657 0 0 2 0 0 0 2097152
596722857 0 0 2 0 0 0 2097152
596726057 0 0 2 0 0 0 2097152
596729257 0 0 2 0 0 0 2097152
596732457 0 0 2 0 0 0 2097152
596735657 0 0 2 0 0 0 2097152
596738857 0 0 2 0 0 0 2097152
596742057 0 1 2 0 0 0 2097152
596745257 0 1 2 0 0 0 2097152
618071429 0 0 2 0 0 0 2097152
618074629 0 0 2 0 0 0 2097152
618077829 0 0 2 0 0 0 2097152
618081029 0 0 2 0 0 0 2097152
618084229 0 0 2 0 0 0 2097152
618087429 0 1 2 0 0 0 2097152
618090629 0 0 2 0 0 0 2097152
618093829 0 0 2 0 0 0 2097152
618097029 0 1 2 0 0 0 2097152
618100229 0 1 2 0 0 0 2097152
618103429 0 1 2 0 0 0 2097152
618106629 0 0 2 0 0 0 2097152
618109829 0 1 2 0 0 0 2097152
618113029 0 1 2 0 0 0 2097152
618116229 0 0 2 0 0 0 2097152
618119429 0 0 2 0 0 0 2097152
618122629 0 0 2 0 0 0 2097152
618125829 0 0 2 0 0 0 2097152
618129029 0 1 2 0 0 0 2097152
618132229 0 0 2 0 0 0 2097152
618135429 0 1 2 0 0 0 2097152
618138629 0 1 2 0 0 0 2097152
618141829 0 0 2 0 0 0 2097152
618145029 0 0 2 0 0 0 2097152
618148229 0 1 2 0 0 0 2097152
618151429 0 1 2 0 0 0 2097152
618154629 0 1 2 0 0 0 2097152
618157829 0 0 2 0 0 0 2097152
618161029 0 0 2 0 0 0 2097152
618164229 0 1 2 0 0 0 2097152
618167429 0 0 2 0 0 0 2097152
618170629 0 1 2 0 0 0 2097152
618173829 0 1 2 0 0 0 2097152
623428571 0 0 2 0 0 0 2097152
623431771 0 0 2 0 0 0 2097152
623434971 0 0 2 0 0 0 2097152
623438171 0 0 2 0 0 0 2097152
623441371 0 0 2 0 0 0 2097152
623444571 0 0 2 0 0 0 2097152
623447771 0 0 2 0 0 0 2097152
623450971 0 0 2 0 0 0 2097152
623454171 0 1 2 0 0 0 2097152
623457371 0 1 2 0 0 0 2097152
623460571 0 1 2 0 0 0 2097152
623463771 0 0 2 0 0 0 2097152
623466971 0 1 2 0 0 0 2097152
623470171 0 1 2 0 0 0 2097152
623473371 0 1 2 0 0 0 2097152
623476571 0 1 2 0 0 0 2097152
623479771 0 0 2 0 0 0 2097152
623482971 0 0 2 0 0 0 2097152
623486171 0 1 2 0 0 0 2097152
623489371 0 0 2 0 0 0 2097152
623492571 0 1 2 0 0 0 2097152
623495771 0 1 2 0 0 0 2097152
623498971 0 0 2 0 0 0 2097152
623502171 0 0 2 0 0 0 2097152
623505371 0 0 2 0 0 0 2097152
623508571 0 0 2 0 0 0 2097152
623511771 0 0 2 0 0 0 2097152
623514971 0 0 2 0 0 0 2097152
623518171 0 0 2 0 0 0 2097152
623521371 0 0 2 0 0 0 2097152
623524571 0 0 2 0 0 0 2097152
623527771 0 1 2 0 0 0 2097152
623530971 0 1 2 0 0 0 2097152
644857143 0 0 2 0 0 0 2097152
644860343 0 0 2 0 0 0 2097152
644863543 0 0 2 0 0 0 2097152
644866743 0 0 2 0 0 0 2097152
644869943 0 0 2 0 0 0 2097152
644873143 0 1 2 0 0 0 2097152
644876343 0 0 2 0 0 0 2097152
644879543 0 0 2 0 0 0 2097152
644882743 0 1 2 0 0 0 2097152
644885943 0 1 2 0 0 0 2097152
644889143 0 1 2 0 0 0 2097152
644892343 0 0 2 0 0 0 2097152
644895543 0 1 2 0 0 0 2097152
644898743 0 0 2 0 0 0 2097152
644901943 0 0 2 0 0 0 2097152
644905143 0 1 2 0 0 0 2097152
644908343 0 1 2 0 0 0 2097152
644911543 0 1 2 0 0 0 2097152
644914743 0 0 2 0 0 0 2097152
644917943 0 0 2 0 0 0 2097152
644921143 0 1 2 0 0 0 2097152
644924343 0 1 2 0 0 0 2097152
644927543 0 0 2 0 0 0 2097152
644930743 0 0 2 0 0 0 2097152
644933943 0 0 2 0 0 0 2097152
644937143 0 1 2 0 0 0 2097152
644940343 0 0 2 0 0 0 2097152
644943543 0 0 2 0 0 0 2097152
644946743 0 1 2 0 0 0 2097152
644949943 0 1 2 0 0 0 2097152
644953143 0 0 2 0 0 0 2097152
644956343 0 1 2 0 0 0 2097152
644959543 0 1 2 0 0 0 2097152
650214286 0 0 2 0 0 0 2097152
650217486 0 0 2 0 0 0 2097152
650220686 0 0 2 0 0 0 2097152
650223886 0 0 2 0 0 0 2097152
650227086 0 0 2 0 0 0 2097152
650230286 0 0 2 0 0 0 2097152
650233486 0 0 2 0 0 0 2097152
650236686 0 0 2 0 0 0 2097152
650239886 0 1 2 0 0 0 2097152
650243086 0 1 2 0 0 0 2097152
650246286 0 1 2 0 0 0 2097152
650249486 0 0 2 0 0 0 2097152
650252686 0 1 2 0 0 0 2097152
650255886 0 1 2 0 0 0 2097152
650259086 0 0 2 0 0 0 2097152
650262286 0 1 2 0 0 0 2097152
650265486 0 0 2 0 0 0 2097152
650268686 0 0 2 0 0 0 2097152
650271886 0 1 2 0 0 0 2097152
650275086 0 0 2 0 0 0 2097152
650278286 0 1 2 0 0 0 2097152
650281486 0 1 2 0 0 0 2097152
650284686 0 0 2 0 0 0 2097152
650287886 0 0 2 0 0 0 2097152
650291086 0 0 2 0 0 0 2097152
650294286 0 0 2 0 0 0 2097152
650297486 0 0 2 0 0 0 2097152
650300686 0 0 2 0 0 0 2097152
650303886 0 0 2 0 0 0 2097152
650307086 0 0 2 0 0 0 2097152
650310286 0 0 2 0 0 0 2097152
650313486 0 1 2 0 0 0 2097152
650316686 0 1 2 0 0 0 2097152
671642857 0 0 2 0 0 0 2097152
671646057 0 0 2 0 0 0 2097152
671649257 0 0 2 0 0 0 2097152
671652457 0 0 2 0 0 0 2097152
671655657 0 0 2 0 0 0 2097152
671658857 0 1 2 0 0 0 2097152
671662057 0 0 2 0 0 0 2097152
671665257 0 0 2 0 0 0 2097152
671668457 0 1 2 0 0 0 2097152
671671657 0 1 2 0 0 0 2097152
671674857 0 1 2 0 0 0 2097152
671678057 0 0 2 0 0 0 2097152
671681257 0 0 2 0 0 0 2097152
671684457 0 0 2 0 0 0 2097152
671687657 0 0 2 0 0 0 2097152
671690857 0 0 2 0 0 0 2097152
671694057 0 0 2 0 0 0 2097152
671697257 0 0 2 0 0 0 2097152
671700457 0 1 2 0 0 0 2097152
671703657 0 0 2 0 0 0 2097152
671706857 0 1 2 0 0 0 2097152
671710057 0 1 2 0 0 0 2097152
671713257 0 0 2 0 0 0 2097152
671716457 0 0 2 0 0 0 2097152
671719657 0 1 2 0 0 0 2097152
671722857 0 1 2 0 0 0 2097152
671726057 0 1 2 0 0 0 2097152
671729257 0 0 2 0 0 0 2097152
671732457 0 0 2 0 0 0 2097152
671735657 0 1 2 0 0 0 2097152
671738857 0 0 2 0 0 0 2097152
671742057 0 1 2 0 0 0 2097152
671745257 0 1 2 0 0 0 2097152
677000000 0 0 2 0 0 0 2097152
677003200 0 0 2 0 0 0 2097152
677006400 0 0 2 0 0 0 2097152
677009600 0 0 2 0 0 0 2097152
677012800 0 0 2 0 0 0 2097152
677016000 0 0 2 0 0 0 2097152
677019200 0 0 2 0 0 0 2097152
677022400 0 0 2 0 0 0 2097152
677025600 0 1 2 0 0 0 2097152
677028800 0 1 2 0 0 0 2097152
677032000 0 1 2 0 0 0 2097152
677035200 0 0 2 0 0 0 2097152
677038400 0 0 2 0 0 0 2097152
677041600 0 0 2 0 0 0 2097152
677044800 0 0 2 0 0 0 2097152
677048000 0 1 2 0 0 0 2097152
677051200 0 0 2 0 0 0 2097152
677054400 0 0 2 0 0 0 2097152
677057600 0 1 2 0 0 0 2097152
677060800 0 0 2 0 0 0 2097152
677064000 0 1 2 0 0 0 2097152
677067200 0 1 2 0 0 0 2097152
677070400 0 0 2 0 0 0 2097152
677073600 0 0 2 0 0 0 2097152
677076800 0 0 2 0 0 0 2097152
677080000 0 0 2 0 0 0 2097152
677083200 0 0 2 0 0 0 2097152
677086400 0 0 2 0 0 0 2097152
677089600 0 0 2 0 0 0 2097152
677092800 0 0 2 0 0 0 2097152
677096000 0 0 2 0 0 0 2097152
677099200 0 1 2 0 0 0 2097152
677102400 0 1 2 0 0 0 2097152
698428571 0 0 2 0 0 0 2097152
698431771 0 0 2 0 0 0 2097152
698434971 0 0 2 0 0 0 2097152
698438171 0 0 2 0 0 0 2097152
698441371 0 0 2 0 0 0 2097152
698444571 0 1 2 0 0 0 2097152
698447771 0 0 2 0 0 0 2097152
698450971 0 0 2 0 0 0 2097152
698454171 0 1 2 0 0 0 2097152
698457371 0 1 2 0 0 0 2097152
698460571 0 1 2 0 0 0 2097152
698463771 0 0 2 0 0 0 2097152
698466971 0 1 2 0 0 0 2097152
698470171 0 0 2 0 0 0 2097152
698473371 0 1 2 0 0 0 2097152
698476571 0 0 2 0 0 0 2097152
698479771 0 0 2 0 0 0 2097152
698482971 0 0 2 0 0 0 2097152
698486171 0 1 2 0 0 0 2097152
698489371 0 0 2 0 0 0 2097152
698492571 0 1 2 0 0 0 2097152
698495771 0 1 2 0 0 0 2097152
698498971 0 0 2 0 0 0 2097152
698502171 0 0 2 0 0 0 2097152
698505371 0 1 2 0 0 0 2097152
698508571 0 1 2 0 0 0 2097152
698511771 0 0 2 0 0 0 2097152
698514971 0 1 2 0 0 0 2097152
698518171 0 0 2 0 0 0 2097152
698521371 0 1 2 0 0 0 2097152
698524571 0 0 2 0 0 0 2097152
698527771 0 1 2 0 0 0 2097152
698530971 0 1 2 0 0 0 2097152
703785714 0 0 2 0 0 0 2097152
703788914 0 0 2 0 0 0 2097152
703792114 0 0 2 0 0 0 2097152
703795314 0 0 2 0 0 0 2097152
703798514 0 0 2 0 0 0 2097152
703801714 0 0 2 0 0 0 2097152
703804914 0 0 2 0 0 0 2097152
703808114 0 0 2 0 0 0 2097152
703811314 0 1 2 0 0 0 2097152
703814514 0 1 2 0 0 0 2097152
703817714 0 1 2 0 0 0 2097152
703820914 0 0 2 0 0 0 2097152
703824114 0 1 2 0 0 0 2097152
703827314 0 1 2 0 0 0 2097152
703830514 0 0 2 0 0 0 2097152
703833714 0 0 2 0 0 0 2097152
703836914 0 0 2 0 0 0 2097152
703840114 0 0 2 0 0 0 2097152
703843314 0 1 2 0 0 0 2097152
703846514 0 0 2 0 0 0 2097152
703849714 0 1 2 0 0 0 2097152
703852914 0 1 2 0 0 0 2097152
703856114 0 0 2 0 0 0 2097152
703859314 0 0 2 0 0 0 2097152
703862514 0 0 2 0 0 0 2097152
703865714 0 0 2 0 0 0 2097152
703868914 0 0 2 0 0 0 2097152
703872114 0 0 2 0 0 0 2097152
703875314 0 0 2 0 0 0 2097152
703878514 0 0 2 0 0 0 2097152
703881714 0 0 2 0 0 0 2097152
703884914 0 1 2 0 0 0 2097152
703888114 0 1 2 0 0 0 2097152
725214286 0 0 2 0 0 0 2097152
725217486 0 0 2 0 0 0 2097152
725220686 0 0 2 0 0 0 2097152
725223886 0 0 2 0 0 0 2097152
725227086 0 0 2 0 0 0 2097152
725230286 0 1 2 0 0 0 2097152
725233486 0 0 2 0 0 0 2097152
725236686 0 0 2 0 0 0 2097152
725239886 0 1 2 0 0 0 2097152
725243086 0 1 2 0 0 0 2097152
725246286 0 1 2 0 0 0 2097152
725249486 0 0 2 0 0 0 2097152
725252686 0 0 2 0 0 0 2097152
725255886 0 0 2 0 0 0 2097152
725259086 0 0 2 0 0 0 2097152
725262286 0 1 2 0 0 0 2097152
725265486 0 0 2 0 0 0 2097152
725268686 0 0 2 0 0 0 2097152
725271886 0 1 2 0 0 0 2097152
725275086 0 0 2 0 0 0 2097152
725278286 0 1 2 0 0 0 2097152
725281486 0 1 2 0 0 0 2097152
725284686 0 0 2 0 0 0 2097152
725287886 0 0 2 0 0 0 2097152
725291086 0 1 2 0 0 0 2097152
725294286 0 1 2 0 0 0 2097152
725297486 0 0 2 0 0 0 2097152
725300686 0 0 2 0 0 0 2097152
725303886 0 0 2 0 0 0 2097152
725307086 0 1 2 0 0 0 2097152
725310286 0 0 2 0 0 0 2097152
725313486 0 1 2 0 0 0 2097152
725316686 0 1 2 0 0 0 2097152
730571429 0 0 2 0 0 0 2097152
730574629 0 0 2 0 0 0 2097152
730577829 0 0 2 0 0 0 2097152
730581029 0 0 2 0 0 0 2097152
730584229 0 0 2 0 0 0 2097152
730587429 0 0 2 0 0 0 2097152
730590629 0 0 2 0 0 0 2097152
730593829 0 0 2 0 0 0 2097152
730597029 0 1 2 0 0 0 2097152
730600229 0 1 2 0 0 0 2097152
730603429 0 1 2 0 0 0 2097152
730606629 0 0 2 0 0 0 2097152
730609829 0 1 2 0 0 0 2097152
730613029 0 0 2 0 0 0 2097152
730616229 0 0 2 0 0 0 2097152
730619429 0 1 2 0 0 0 2097152
730622629 0 1 2 0 0 0 2097152
730625829 0 1 2 0 0 0 2097152
730629029 0 0 2 0 0 0 2097152
730632229 0 0 2 0 0 0 2097152
730635429 0 1 2 0 0 0 2097152
730638629 0 1 2 0 0 0 2097152
730641829 0 0 2 0 0 0 2097152
730645029 0 0 2 0 0 0 2097152
730648229 0 0 2 0 0 0 2097152
730651429 0 0 2 0 0 0 2097152
730654629 0 0 2 0 0 0 2097152
730657829 0 0 2 0 0 0 2097152
730661029 0 0 2 0 0 0 2097152
730664229 0 0 2 0 0 0 2097152
730667429 0 0 2 0 0 0 2097152
730670629 0 1 2 0 0 0 2097152
730673829 0 1 2 0 0 0 2097152
752000000 0 0 2 0 0 0 2097152
752003200 0 0 2 0 0 0 2097152
752006400 0 0 2 0 0 0 2097152
752009600 0 0 2 0 0 0 2097152
752012800 0 0 2 0 0 0 2097152
752016000 0 1 2 0 0 0 2097152
752019200 0 0 2 0 0 0 2097152
752022400 0 0 2 0 0 0 2097152
752025600 0 1 2 0 0 0 2097152
752028800 0 1 2 0 0 0 2097152
752032000 0 1 2 0 0 0 2097152
752035200 0 0 2 0 0 0 2097152
752038400 0 0 2 0 0 0 2097152
752041600 0 0 2 0 0 0 2097152
752044800 0 1 2 0 0 0 2097152
752048000 0 1 2 0 0 0 2097152
752051200 0 0 2 0 0 0 2097152
752054400 0 0 2 0 0 0 2097152
752057600 0 1 2 0 0 0 2097152
752060800 0 0 2 0 0 0 2097152
752064000 0 1 2 0 0 0 2097152
752067200 0 1 2 0 0 0 2097152
752070400 0 0 2 0 0 0 2097152
752073600 0 0 2 0 0 0 2097152
752076800 0 1 2 0 0 0 2097152
752080000 0 1 2 0 0 0 2097152
752083200 0 1 2 0 0 0 2097152
752086400 0 0 2 0 0 0 2097152
752089600 0 0 2 0 0 0 2097152
752092800 0 1 2 0 0 0 2097152
752096000 0 0 2 0 0 0 2097152
752099200 0 1 2 0 0 0 2097152
752102400 0 1 2 0 0 0 2097152
757357143 0 0 2 0 0 0 2097152
757360343 0 0 2 0 0 0 2097152
757363543 0 0 2 0 0 0 2097152
757366743 0 0 2 0 0 0 2097152
757369943 0 0 2 0 0 0 2097152
757373143 0 0 2 0 0 0 2097152
757376343 0 0 2 0 0 0 2097152
757379543 0 0 2 0 0 0 2097152
757382743 0 1 2 0 0 0 2097152
757385943 0 1 2 0 0 0 2097152
757389143 0 1 2 0 0 0 2097152
757392343 0 0 2 0 0 0 2097152
757395543 0 0 2 0 0 0 2097152
757398743 0 0 2 0 0 0 2097152
757401943 0 0 2 0 0 0 2097152
757405143 0 0 2 0 0 0 2097152
757408343 0 0 2 0 0 0 2097152
757411543 0 0 2 0 0 0 2097152
757414743 0 1 2 0 0 0 2097152
757417943 0 0 2 0 0 0 2097152
757421143 0 1 2 0 0 0 2097152
757424343 0 1 2 0 0 0 2097152
757427543 0 0 2 0 0 0 2097152
757430743 0 0 2 0 0 0 2097152
757433943 0 0 2 0 0 0 2097152
757437143 0 0 2 0 0 0 2097152
757440343 0 0 2 0 0 0 2097152
757443543 0 0 2 0 0 0 2097152
757446743 0 0 2 0 0 0 2097152
757449943 0 0 2 0 0 0 2097152
757453143 0 0 2 0 0 0 2097152
757456343 0 1 2 0 0 0 2097152
757459543 0 1 2 0 0 0 2097152
778785714 0 0 2 0 0 0 2097152
778788914 0 0 2 0 0 0 2097152
778792114 0 0 2 0 0 0 2097152
778795314 0 0 2 0 0 0 2097152
778798514 0 0 2 0 0 0 2097152
778801714 0 1 2 0 0 0 2097152
778804914 0 0 2 0 0 0 2097152
778808114 0 0 2 0 0 0 2097152
778811314 0 1 2 0 0 0 2097152
778814514 0 1 2 0 0 0 2097152
778817714 0 1 2 0 0 0 2097152
778820914 0 0 2 0 0 0 2097152
778824114 0 0 2 0 0 0 2097152
778827314 0 0 2 0 0 0 2097152
778830514 0 0 2 0 0 0 2097152
778833714 0 1 2 0 0 0 2097152
778836914 0 0 2 0 0 0 2097152
778840114 0 0 2 0 0 0 2097152
778843314 0 1 2 0 0 0 2097152
778846514 0 0 2 0 0 0 2097152
778849714 0 1 2 0 0 0 2097152
778852914 0 1 2 0 0 0 2097152
778856114 0 0 2 0 0 0 2097152
778859314 0 0 2 0 0 0 2097152
778862514 0 1 2 0 0 0 2097152
778865714 0 1 2 0 0 0 2097152
778868914 0 0 2 0 0 0 2097152
778872114 0 1 2 0 0 0 2097152
778875314 0 0 2 0 0 0 2097152
778878514 0 1 2 0 0 0 2097152
778881714 0 0 2 0 0 0 2097152
778884914 0 1 2 0 0 0 2097152
778888114 0 1 2 0 0 0 2097152
784142857 0 0 2 0 0 0 2097152
784146057 0 0 2 0 0 0 2097152
784149257 0 0 2 0 0 0 2097152
784152457 0 0 2 0 0 0 2097152
784155657 0 0 2 0 0 0 2097152
784158857 0 0 2 0 0 0 2097152
784162057 0 0 2 0 0 0 2097152
784165257 0 0 2 0 0 0 2097152
784168457 0 1 2 0 0 0 2097152
784171657 0 1 2 0 0 0 2097152
784174857 0 1 2 0 0 0 2097152
784178057 0 0 2 0 0 0 2097152
784181257 0 1 2 0 0 0 2097152
784184457 0 0 2 0 0 0 2097152
784187657 0 1 2 0 0 0 2097152
784190857 0 0 2 0 0 0 2097152
784194057 0 0 2 0 0 0 2097152
784197257 0 0 2 0 0 0 2097152
784200457 0 1 2 0 0 0 2097152
784203657 0 0 2 0 0 0 2097152
784206857 0 1 2 0 0 0 2097152
784210057 0 1 2 0 0 0 2097152
784213257 0 0 2 0 0 0 2097152
784216457 0 0 2 0 0 0 2097152
784219657 0 0 2 0 0 0 2097152
784222857 0 0 2 0 0 0 2097152
784226057 0 0 2 0 0 0 2097152
784229257 0 0 2 0 0 0 2097152
784232457 0 0 2 0 0 0 2097152
784235657 0 0 2 0 0 0 2097152
784238857 0 0 2 0 0 0 2097152
784242057 0 1 2 0 0 0 2097152
784245257 0 1 2 0 0 0 2097152
805571429 0 0 2 0 0 0 2097152
805574629 0 0 2 0 0 0 2097152
805577829 0 0 2 0 0 0 2097152
805581029 0 0 2 0 0 0 2097152
805584229 0 0 2 0 0 0 2097152
805587429 0 1 2 0 0 0 2097152
805590629 0 0 2 0 0 0 2097152
805593829 0 0 2 0 0 0 2097152
805597029 0 1 2 0 0 0 2097152
805600229 0 1 2 0 0 0 2097152
805603429 0 1 2 0 0 0 2097152
805606629 0 0 2 0 0 0 2097152
805609829 0 1 2 0 0 0 2097152
805613029 0 0 2 0 0 0 2097152
805616229 0 1 2 0 0 0 2097152
805619429 0 0 2 0 0 0 2097152
805622629 0 0 2 0 0 0 2097152
805625829 0 0 2 0 0 0 2097152
805629029 0 1 2 0 0 0 2097152
805632229 0 0 2 0 0 0 2097152
805635429 0 1 2 0 0 0 2097152
805638629 0 1 2 0 0 0 2097152
805641829 0 0 2 0 0 0 2097152
805645029 0 0 2 0 0 0 2097152
805648229 0 1 2 0 0 0 2097152
805651429 0 1 2 0 0 0 2097152
805654629 0 0 2 0 0 0 2097152
805657829 0 0 2 0 0 0 2097152
805661029 0 0 2 0 0 0 2097152
805664229 0 1 2 0 0 0 2097152
805667429 0 0 2 0 0 0 2097152
805670629 0 1 2 0 0 0 2097152
805673829 0 1 2 0 0 0 2097152
810928571 0 0 2 0 0 0 2097152
810931771 0 0 2 0 0 0 2097152
810934971 0 0 2 0 0 0 2097152
810938171 0 0 2 0 0 0 2097152
810941371 0 0 2 0 0 0 2097152
810944571 0 0 2 0 0 0 2097152
810947771 0 0 2 0 0 0 2097152
810950971 0 0 2 0 0 0 2097152
810954171 0 1 2 0 0 0 2097152
810957371 0 1 2 0 0 0 2097152
810960571 0 1 2 0 0 0 2097152
810963771 0 0 2 0 0 0 2097152
810966971 0 0 2 0 0 0 2097152
810970171 0 0 2 0 0 0 2097152
810973371 0 0 2 0 0 0 2097152
810976571 0 1 2 0 0 0 2097152
810979771 0 0 2 0 0 0 2097152
810982971 0 0 2 0 0 0 2097152
810986171 0 1 2 0 0 0 2097152
810989371 0 0 2 0 0 0 2097152
810992571 0 1 2 0 0 0 2097152
810995771 0 1 2 0 0 0 2097152
810998971 0 0 2 0 0 0 2097152
811002171 0 0 2 0 0 0 2097152
811005371 0 0 2 0 0 0 2097152
811008571 0 0 2 0 0 0 2097152
811011771 0 0 2 0 0 0 2097152
811014971 0 0 2 0 0 0 2097152
811018171 0 0 2 0 0 0 2097152
811021371 0 0 2 0 0 0 2097152
811024571 0 0 2 0 0 0 2097152
811027771 0 1 2 0 0 0 2097152
811030971 0 1 2 0 0 0 2097152
832357143 0 0 2 0 0 0 2097152
832360343 0 0 2 0 0 0 2097152
832363543 0 0 2 0 0 0 2097152
832366743 0 0 2 0 0 0 2097152
832369943 0 0 2 0 0 0 2097152
832373143 0 1 2 0 0 0 2097152
832376343 0 0 2 0 0 0 2097152
832379543 0 0 2 0 0 0 2097152
832382743 0 1 2 0 0 0 2097152
832385943 0 1 2 0 0 0 2097152
832389143 0 1 2 0 0 0 2097152
832392343 0 0 2 0 0 0 2097152
832395543 0 0 2 0 0 0 2097152
832398743 0 0 2 0 0 0 2097152
832401943 0 0 2 0 0 0 2097152
832405143 0 0 2 0 0 0 2097152
832408343 0 0 2 0 0 0 2097152
832411543 0 0 2 0 0 0 2097152
832414743 0 1 2 0 0 0 2097152
832417943 0 0 2 0 0 0 2097152
832421143 0 1 2 0 0 0 2097152
832424343 0 1 2 0 0 0 2097152
832427543 0 0 2 0 0 0 2097152
832430743 0 0 2 0 0 0 2097152
832433943 0 1 2 0 0 0 2097152
832437143 0 1 2 0 0 0 2097152
832440343 0 1 2 0 0 0 2097152
832443543 0 0 2 0 0 0 2097152
832446743 0 0 2 0 0 0 2097152
832449943 0 1 2 0 0 0 2097152
832453143 0 0 2 0 0 0 2097152
832456343 0 1 2 0 0 0 2097152
832459543 0 1 2 0 0 0 2097152
837714286 0 0 2 0 0 0 2097152
837717486 0 0 2 0 0 0 2097152
837720686 0 0 2 0 0 0 2097152
837723886 0 0 2 0 0 0 2097152
837727086 0 0 2 0 0 0 2097152
837730286 0 0 2 0 0 0 2097152
837733486 0 0 2 0 0 0 2097152
837736686 0 0 2 0 0 0 2097152
837739886 0 1 2 0 0 0 2097152
837743086 0 1 2 0 0 0 2097152
837746286 0 1 2 0 0 0 2097152
837749486 0 0 2 0 0 0 2097152
837752686 0 0 2 0 0 0 2097152
837755886 0 0 2 0 0 0 2097152
837759086 0 1 2 0 0 0 2097152
837762286 0 1 2 0 0 0 2097152
837765486 0 0 2 0 0 0 2097152
837768686 0 0 2 0 0 0 2097152
837771886 0 1 2 0 0 0 2097152
837775086 0 0 2 0 0 0 2097152
837778286 0 1 2 0 0 0 2097152
837781486 0 1 2 0 0 0 2097152
837784686 0 0 2 0 0 0 2097152
837787886 0 0 2 0 0 0 2097152
837791086 0 0 2 0 0 0 2097152
837794286 0 0 2 0 0 0 2097152
837797486 0 0 2 0 0 0 2097152
837800686 0 0 2 0 0 0 2097152
837803886 0 0 2 0 0 0 2097152
837807086 0 0 2 0 0 0 2097152
837810286 0 0 2 0 0 0 2097152
837813486 0 1 2 0 0 0 2097152
837816686 0 1 2 0 0 0 2097152
859142857 0 0 2 0 0 0 2097152
859146057 0 0 2 0 0 0 2097152
859149257 0 0 2 0 0 0 2097152
859152457 0 0 2 0 0 0 2097152
859155657 0 0 2 0 0 0 2097152
859158857 0 1 2 0 0 0 2097152
859162057 0 0 2 0 0 0 2097152
859165257 0 0 2 0 0 0 2097152
859168457 0 1 2 0 0 0 2097152
859171657 0 1 2 0 0 0 2097152
859174857 0 1 2 0 0 0 2097152
859178057 0 0 2 0 0 0 2097152
859181257 0 1 2 0 0 0 2097152
859184457 0 0 2 0 0 0 2097152
859187657 0 0 2 0 0 0 2097152
859190857 0 1 2 0 0 0 2097152
859194057 0 1 2 0 0 0 2097152
859197257 0 1 2 0 0 0 2097152
859200457 0 0 2 0 0 0 2097152
859203657 0 0 2 0 0 0 2097152
859206857 0 1 2 0 0 0 2097152
859210057 0 1 2 0 0 0 2097152
859213257 0 0 2 0 0 0 2097152
859216457 0 0 2 0 0 0 2097152
859219657 0 0 2 0 0 0 2097152
859222857 0 1 2 0 0 0 2097152
859226057 0 0 2 0 0 0 2097152
859229257 0 0 2 0 0 0 2097152
859232457 0 1 2 0 0 0 2097152
859235657 0 1 2 0 0 0 2097152
859238857 0 0 2 0 0 0 2097152
859242057 0 1 2 0 0 0 2097152
859245257 0 1 2 0 0 0 2097152
862142857 0 0 2 0 0 0 2097152
862146057 0 0 2 0 0 0 2097152
862149257 0 0 2 0 0 0 2097152
862152457 0 0 2 0 0 0 2097152
862155657 0 0 2 0 0 0 2097152
862158857 0 1 2 0 0 0 2097152
862162057 0 0 2 0 0 0 2097152
862165257 0 0 2 0 0 0 2097152
862168457 0 1 2 0 0 0 2097152
862171657 0 1 2 0 0 0 2097152
862174857 0 1 2 0 0 0 2097152
862178057 0 0 2 0 0 0 2097152
862181257 0 0 2 0 0 0 2097152
862184457 0 0 2 0 0 0 2097152
862187657 0 0 2 0 0 0 2097152
862190857 0 0 2 0 0 0 2097152
862194057 0 0 2 0 0 0 2097152
862197257 0 0 2 0 0 0 2097152
862200457 0 1 2 0 0 0 2097152
862203657 0 0 2 0 0 0 2097152
862206857 0 1 2 0 0 0 2097152
862210057 0 1 2 0 0 0 2097152
862213257 0 0 2 0 0 0 2097152
862216457 0 0 2 0 0 0 2097152
862219657 0 0 2 0 0 0 2097152
862222857 0 0 2 0 0 0 2097152
862226057 0 1 2 0 0 0 2097152
862229257 0 1 2 0 0 0 2097152
862232457 0 0 2 0 0 0 2097152
862235657 0 1 2 0 0 0 2097152
862238857 0 0 2 0 0 0 2097152
862242057 0 1 2 0 0 0 2097152
862245257 0 1 2 0 0 0 2097152
864500000 0 0 2 0 0 0 2097152
864503200 0 0 2 0 0 0 2097152
864506400 0 0 2 0 0 0 2097152
864509600 0 0 2 0 0 0 2097152
864512800 0 0 2 0 0 0 2097152
864516000 0 0 2 0 0 0 2097152
864519200 0 0 2 0 0 0 2097152
864522400 0 0 2 0 0 0 2097152
864525600 0 1 2 0 0 0 2097152
864528800 0 1 2 0 0 0 2097152
864532000 0 1 2 0 0 0 2097152
864535200 0 0 2 0 0 0 2097152
864538400 0 0 2 0 0 0 2097152
864541600 0 0 2 0 0 0 2097152
864544800 0 0 2 0 0 0 2097152
864548000 0 1 2 0 0 0 2097152
864551200 0 0 2 0 0 0 2097152
864554400 0 0 2 0 0 0 2097152
864557600 0 1 2 0 0 0 2097152
864560800 0 0 2 0 0 0 2097152
864564000 0 1 2 0 0 0 2097152
864567200 0 1 2 0 0 0 2097152
864570400 0 0 2 0 0 0 2097152
864573600 0 0 2 0 0 0 2097152
864576800 0 0 2 0 0 0 2097152
864580000 0 0 2 0 0 0 2097152
864583200 0 0 2 0 0 0 2097152
864586400 0 0 2 0 0 0 2097152
864589600 0 0 2 0 0 0 2097152
864592800 0 0 2 0 0 0 2097152
864596000 0 0 2 0 0 0 2097152
864599200 0 1 2 0 0 0 2097152
864602400 0 1 2 0 0 0 2097152
865142857 0 0 2 0 0 0 2097152
865146057 0 0 2 0 0 0 2097152
865149257 0 0 2 0 0 0 2097152
865152457 0 0 2 0 0 0 2097152
865155657 0 0 2 0 0 0 2097152
865158857 0 1 2 0 0 0 2097152
865162057 0 0 2 0 0 0 2097152
865165257 0 0 2 0 0 0 2097152
865168457 0 1 2 0 0 0 2097152
865171657 0 1 2 0 0 0 2097152
865174857 0 1 2 0 0 0 2097152
865178057 0 0 2 0 0 0 2097152
865181257 0 1 2 0 0 0 2097152
865184457 0 0 2 0 0 0 2097152
865187657 0 1 2 0 0 0 2097152
865190857 0 0 2 0 0 0 2097152
865194057 0 0 2 0 0 0 2097152
865197257 0 0 2 0 0 0 2097152
865200457 0 1 2 0 0 0 2097152
865203657 0 0 2 0 0 0 2097152
865206857 0 1 2 0 0 0 2097152
865210057 0 1 2 0 0 0 2097152
865213257 0 0 2 0 0 0 2097152
865216457 0 0 2 0 0 0 2097152
865219657 0 0 2 0 0 0 2097152
865222857 0 1 2 0 0 0 2097152
865226057 0 0 2 0 0 0 2097152
865229257 0 1 2 0 0 0 2097152
865232457 0 0 2 0 0 0 2097152
865235657 0 1 2 0 0 0 2097152
865238857 0 0 2 0 0 0 2097152
865242057 0 1 2 0 0 0 2097152
865245257 0 1 2 0 0 0 2097152
891285714 0 0 2 0 0 0 2097152
891288914 0 0 2 0 0 0 2097152
891292114 0 0 2 0 0 0 2097152
891295314 0 0 2 0 0 0 2097152
891298514 0 0 2 0 0 0 2097152
891301714 0 0 2 0 0 0 2097152
891304914 0 0 2 0 0 0 2097152
891308114 0 0 2 0 0 0 2097152
891311314 0 1 2 0 0 0 2097152
891314514 0 1 2 0 0 0 2097152
891317714 0 1 2 0 0 0 2097152
891320914 0 0 2 0 0 0 2097152
891324114 0 1 2 0 0 0 2097152
891327314 0 0 2 0 0 0 2097152
891330514 0 1 2 0 0 0 2097152
891333714 0 0 2 0 0 0 2097152
891336914 0 0 2 0 0 0 2097152
891340114 0 0 2 0 0 0 2097152
891343314 0 1 2 0 0 0 2097152
891346514 0 0 2 0 0 0 2097152
891349714 0 1 2 0 0 0 2097152
891352914 0 1 2 0 0 0 2097152
891356114 0 0 2 0 0 0 2097152
891359314 0 0 2 0 0 0 2097152
891362514 0 0 2 0 0 0 2097152
891365714 0 0 2 0 0 0 2097152
891368914 0 0 2 0 0 0 2097152
891372114 0 0 2 0 0 0 2097152
891375314 0 0 2 0 0 0 2097152
891378514 0 0 2 0 0 0 2097152
891381714 0 0 2 0 0 0 2097152
891384914 0 1 2 0 0 0 2097152
891388114 0 1 2 0 0 0 2097152
918071429 0 0 2 0 0 0 2097152
918074629 0 0 2 0 0 0 2097152
918077829 0 0 2 0 0 0 2097152
918081029 0 0 2 0 0 0 2097152
918084229 0 0 2 0 0 0 2097152
918087429 0 0 2 0 0 0 2097152
918090629 0 0 2 0 0 0 2097152
918093829 0 0 2 0 0 0 2097152
918097029 0 1 2 0 0 0 2097152
918100229 0 1 2 0 0 0 2097152
918103429 0 1 2 0 0 0 2097152
918106629 0 0 2 0 0 0 2097152
918109829 0 0 2 0 0 0 2097152
918113029 0 0 2 0 0 0 2097152
918116229 0 0 2 0 0 0 2097152
918119429 0 0 2 0 0 0 2097152
918122629 0 0 2 0 0 0 2097152
918125829 0 0 2 0 0 0 2097152
918129029 0 1 2 0 0 0 2097152
918132229 0 0 2 0 0 0 2097152
918135429 0 1 2 0 0 0 2097152
918138629 0 1 2 0 0 0 2097152
918141829 0 0 2 0 0 0 2097152
918145029 0 0 2 0 0 0 2097152
918148229 0 0 2 0 0 0 2097152
918151429 0 0 2 0 0 0 2097152
918154629 0 0 2 0 0 0 2097152
918157829 0 0 2 0 0 0 2097152
918161029 0 0 2 0 0 0 2097152
918164229 0 0 2 0 0 0 2097152
918167429 0 0 2 0 0 0 2097152
918170629 0 1 2 0 0 0 2097152
918173829 0 1 2 0 0 0 2097152
1099142857 0 0 2 0 0 0 2097152
1099146057 0 0 2 0 0 0 2097152
1099149257 0 0 2 0 0 0 2097152
1099152457 0 0 2 0 0 0 2097152
1099155657 0 0 2 0 0 0 2097152
1099158857 0 0 2 0 0 0 2097152
1099162057 0 0 2 0 0 0 2097152
1099165257 0 0 2 0 0 0 2097152
1099168457 0 1 2 0 0 0 2097152
1099171657 0 1 2 0 0 0 2097152
1099174857 0 1 2 0 0 0 2097152
1099178057 0 0 2 0 0 0 2097152
1099181257 0 1 2 0 0 0 2097152
1099184457 0 0 2 0 0 0 2097152
1099187657 0 0 2 0 0 0 2097152
1099190857 0 1 2 0 0 0 2097152
1099194057 0 1 2 0 0 0 2097152
1099197257 0 1 2 0 0 0 2097152
1099200457 0 0 2 0 0 0 2097152
1099203657 0 0 2 0 0 0 2097152
1099206857 0 1 2 0 0 0 2097152
1099210057 0 1 2 0 0 0 2097152
1099213257 0 0 2 0 0 0 2097152
1099216457 0 0 2 0 0 0 2097152
1099219657 0 0 2 0 0 0 2097152
1099222857 0 0 2 0 0 0 2097152
1099226057 0 0 2 0 0 0 2097152
1099229257 0 0 2 0 0 0 2097152
1099232457 0 0 2 0 0 0 2097152
1099235657 0 0 2 0 0 0 2097152
1099238857 0 0 2 0 0 0 2097152
1099242057 0 1 2 0 0 0 2097152
1099245257 0 1 2 0 0 0 2097152
1102142857 0 0 2 0 0 0 2097152
1102146057 0 0 2 0 0 0 2097152
1102149257 0 0 2 0 0 0 2097152
1102152457 0 0 2 0 0 0 2097152
1102155657 0 0 2 0 0 0 2097152
1102158857 0 0 2 0 0 0 2097152
1102162057 0 0 2 0 0 0 2097152
1102165257 0 0 2 0 0 0 2097152
1102168457 0 1 2 0 0 0 2097152
1102171657 0 1 2 0 0 0 2097152
1102174857 0 1 2 0 0 0 2097152
1102178057 0 0 2 0 0 0 2097152
1102181257 0 0 2 0 0 0 2097152
1102184457 0 0 2 0 0 0 2097152
1102187657 0 0 2 0 0 0 2097152
1102190857 0 0 2 0 0 0 2097152
1102194057 0 0 2 0 0 0 2097152
1102197257 0 0 2 0 0 0 2097152
1102200457 0 1 2 0 0 0 2097152
1102203657 0 0 2 0 0 0 2097152
1102206857 0 1 2 0 0 0 2097152
1102210057 0 1 2 0 0 0 2097152
1102213257 0 0 2 0 0 0 2097152
1102216457 0 0 2 0 0 0 2097152
1102219657 0 0 2 0 0 0 2097152
1102222857 0 0 2 0 0 0 2097152
1102226057 0 0 2 0 0 0 2097152
1102229257 0 0 2 0 0 0 2097152
1102232457 0 0 2 0 0 0 2097152
1102235657 0 0 2 0 0 0 2097152
1102238857 0 0 2 0 0 0 2097152
1102242057 0 1 2 0 0 0 2097152
1102245257 0 1 2 0 0 0 2097152
1105142857 0 0 2 0 0 0 2097152
1105146057 0 0 2 0 0 0 2097152
1105149257 0 0 2 0 0 0 2097152
1105152457 0 0 2 0 0 0 2097152
1105155657 0 0 2 0 0 0 2097152
1105158857 0 0 2 0 0 0 2097152
1105162057 0 0 2 0 0 0 2097152
1105165257 0 0 2 0 0 0 2097152
1105168457 0 1 2 0 0 0 2097152
1105171657 0 1 2 0 0 0 2097152
1105174857 0 1 2 0 0 0 2097152
1105178057 0 0 2 0 0 0 2097152
1105181257 0 1 2 0 0 0 2097152
1105184457 0 0 2 0 0 0 2097152
1105187657 0 1 2 0 0 0 2097152
1105190857 0 0 2 0 0 0 2097152
1105194057 0 0 2 0 0 0 2097152
1105197257 0 0 2 0 0 0 2097152
1105200457 0 1 2 0 0 0 2097152
1105203657 0 0 2 0 0 0 2097152
1105206857 0 1 2 0 0 0 2097152
1105210057 0 1 2 0 0 0 2097152
1105213257 0 0 2 0 0 0 2097152
1105216457 0 0 2 0 0 0 2097152
1105219657 0 0 2 0 0 0 2097152
1105222857 0 0 2 0 0 0 2097152
1105226057 0 0 2 0 0 0 2097152
1105229257 0 0 2 0 0 0 2097152
1105232457 0 0 2 0 0 0 2097152
1105235657 0 0 2 0 0 0 2097152
1105238857 0 0 2 0 0 0 2097152
1105242057 0 1 2 0 0 0 2097152
1105245257 0 1 2 0 0 0 2097152
