0 1 1 0 0 0 0 0
64 0 1 0 0 0 0 0
100000 0 1 1 1 0 0 0
100002 0 1 1 0 0 0 0
600000 0 1 1 0 1 3 0
600002 0 1 1 0 0 3 0
800000 0 1 1 0 1 0 2097152
800002 0 1 1 0 0 0 2097152
2000000 0 0 1 0 0 0 2097152
2003200 0 0 1 0 0 0 2097152
2006400 0 0 1 0 0 0 2097152
2009600 0 0 1 0 0 0 2097152
2012800 0 0 1 0 0 0 2097152
2016000 0 1 1 0 0 0 2097152
2019200 0 0 1 0 0 0 2097152
2022400 0 0 1 0 0 0 2097152
2025600 0 1 1 0 0 0 2097152
2028800 0 1 1 0 0 0 2097152
2032000 0 1 1 0 0 0 2097152
2035200 0 0 1 0 0 0 2097152
2038400 0 1 1 0 0 0 2097152
2041600 0 0 1 0 0 0 2097152
2044800 0 1 1 0 0 0 2097152
2048000 0 1 1 0 0 0 2097152
2051200 0 0 1 0 0 0 2097152
2054400 0 1 1 0 0 0 2097152
2057600 0 0 1 0 0 0 2097152
2060800 0 0 1 0 0 0 2097152
2064000 0 1 1 0 0 0 2097152
2067200 0 1 1 0 0 0 2097152
2070400 0 0 1 0 0 0 2097152
2073600 0 0 1 0 0 0 2097152
2076800 0 1 1 0 0 0 2097152
2080000 0 1 1 0 0 0 2097152
2083200 0 1 1 0 0 0 2097152
2086400 0 0 1 0 0 0 2097152
2089600 0 1 1 0 0 0 2097152
2092800 0 1 1 0 0 0 2097152
2096000 0 0 1 0 0 0 2097152
2099200 0 1 1 0 0 0 2097152
2102400 0 1 1 0 0 0 2097152
6000000 0 0 1 0 0 0 2097152
6003200 0 0 1 0 0 0 2097152
6006400 0 0 1 0 0 0 2097152
6009600 0 0 1 0 0 0 2097152
6012800 0 0 1 0 0 0 2097152
6016000 0 1 1 0 0 0 2097152
6019200 0 0 1 0 0 0 2097152
6022400 0 0 1 0 0 0 2097152
6025600 0 1 1 0 0 0 2097152
6028800 0 1 1 0 0 0 2097152
6032000 0 1 1 0 0 0 2097152
6035200 0 0 1 0 0 0 2097152
6038400 0 0 1 0 0 0 2097152
6041600 0 0 1 0 0 0 2097152
6044800 0 1 1 0 0 0 2097152
6048000 0 0 1 0 0 0 2097152
6051200 0 1 1 0 0 0 2097152
6054400 0 1 1 0 0 0 2097152
6057600 0 0 1 0 0 0 2097152
6060800 0 0 1 0 0 0 2097152
6064000 0 1 1 0 0 0 2097152
6067200 0 1 1 0 0 0 2097152
6070400 0 0 1 0 0 0 2097152
6073600 0 0 1 0 0 0 2097152
6076800 0 0 1 0 0 0 2097152
6080000 0 0 1 0 0 0 2097152
6083200 0 0 1 0 0 0 2097152
6086400 0 0 1 0 0 0 2097152
6089600 0 1 1 0 0 0 2097152
6092800 0 1 1 0 0 0 2097152
6096000 0 0 1 0 0 0 2097152
6099200 0 1 1 0 0 0 2097152
6102400 0 1 1 0 0 0 2097152
10000000 0 0 1 0 0 0 2097152
10003200 0 0 1 0 0 0 2097152
10006400 0 0 1 0 0 0 2097152
10009600 0 0 1 0 0 0 2097152
10012800 0 0 1 0 0 0 2097152
10016000 0 1 1 0 0 0 2097152
10019200 0 0 1 0 0 0 2097152
10022400 0 0 1 0 0 0 2097152
10025600 0 1 1 0 0 0 2097152
10028800 0 1 1 0 0 0 2097152
10032000 0 1 1 0 0 0 2097152
10035200 0 0 1 0 0 0 2097152
10038400 0 1 1 0 0 0 2097152
10041600 0 0 1 0 0 0 2097152
10044800 0 0 1 0 0 0 2097152
10048000 0 1 1 0 0 0 2097152
10051200 0 1 1 0 0 0 2097152
10054400 0 1 1 0 0 0 2097152
10057600 0 0 1 0 0 0 2097152
10060800 0 0 1 0 0 0 2097152
10064000 0 1 1 0 0 0 2097152
10067200 0 1 1 0 0 0 2097152
10070400 0 0 1 0 0 0 2097152
10073600 0 0 1 0 0 0 2097152
10076800 0 1 1 0 0 0 2097152
10080000 0 0 1 0 0 0 2097152
10083200 0 1 1 0 0 0 2097152
10086400 0 1 1 0 0 0 2097152
10089600 0 0 1 0 0 0 2097152
10092800 0 1 1 0 0 0 2097152
10096000 0 0 1 0 0 0 2097152
10099200 0 1 1 0 0 0 2097152
10102400 0 1 1 0 0 0 2097152
50000000 0 1 1 0 1 3 0
50000002 0 1 1 0 0 3 0
58500000 0 1 1 0 1 3 22506
58500002 0 1 1 0 0 3 22506
67000000 0 1 1 0 1 3 45012
67000002 0 1 1 0 0 3 45012
75500000 0 1 1 0 1 3 67518
75500002 0 1 1 0 0 3 67518
84000000 0 1 1 0 1 3 90024
84000002 0 1 1 0 0 3 90024
92500000 0 1 1 0 1 3 112530
92500002 0 1 1 0 0 3 112530
101000000 0 1 1 0 1 3 135036
101000002 0 1 1 0 0 3 135036
109500000 0 1 1 0 1 3 157542
109500002 0 1 1 0 0 3 157542
118000000 0 1 1 0 1 3 180048
118000002 0 1 1 0 0 3 180048
126500000 0 1 1 0 1 3 202554
126500002 0 1 1 0 0 3 202554
135000000 0 1 1 0 1 3 225060
135000002 0 1 1 0 0 3 225060
143500000 0 1 1 0 1 3 247566
143500002 0 1 1 0 0 3 247566
152000000 0 1 1 0 1 3 270072
152000002 0 1 1 0 0 3 270072
160500000 0 1 1 0 1 3 292578
160500002 0 1 1 0 0 3 292578
169000000 0 1 1 0 1 3 315084
169000002 0 1 1 0 0 3 315084
177500000 0 1 1 0 1 3 337590
177500002 0 1 1 0 0 3 337590
186000000 0 1 1 0 1 3 360096
186000002 0 1 1 0 0 3 360096
194500000 0 1 1 0 1 3 382602
194500002 0 1 1 0 0 3 382602
203000000 0 1 1 0 1 3 405108
203000002 0 1 1 0 0 3 405108
211500000 0 1 1 0 1 3 427614
211500002 0 1 1 0 0 3 427614
220000000 0 1 1 0 1 3 450120
220000002 0 1 1 0 0 3 450120
228500000 0 1 1 0 1 3 472626
228500002 0 1 1 0 0 3 472626
237000000 0 1 1 0 1 3 495132
237000002 0 1 1 0 0 3 495132
245500000 0 1 1 0 1 3 517638
245500002 0 1 1 0 0 3 517638
254000000 0 1 1 0 1 3 540145
254000002 0 1 1 0 0 3 540145
262500000 0 1 1 0 1 3 562651
262500002 0 1 1 0 0 3 562651
271000000 0 1 1 0 1 3 585157
271000002 0 1 1 0 0 3 585157
279500000 0 1 1 0 1 3 607663
279500002 0 1 1 0 0 3 607663
288000000 0 1 1 0 1 3 630169
288000002 0 1 1 0 0 3 630169
296500000 0 1 1 0 1 3 652675
296500002 0 1 1 0 0 3 652675
305000000 0 1 1 0 1 3 675181
305000002 0 1 1 0 0 3 675181
313500000 0 1 1 0 1 3 697687
313500002 0 1 1 0 0 3 697687
322000000 0 1 1 0 1 3 720193
322000002 0 1 1 0 0 3 720193
330500000 0 1 1 0 1 3 742699
330500002 0 1 1 0 0 3 742699
339000000 0 1 1 0 1 3 765205
339000002 0 1 1 0 0 3 765205
347500000 0 1 1 0 1 3 787711
347500002 0 1 1 0 0 3 787711
356000000 0 1 1 0 1 3 810217
356000002 0 1 1 0 0 3 810217
364500000 0 1 1 0 1 3 832723
364500002 0 1 1 0 0 3 832723
373000000 0 1 1 0 1 3 855229
373000002 0 1 1 0 0 3 855229
381500000 0 1 1 0 1 3 877735
381500002 0 1 1 0 0 3 877735
390000000 0 1 1 0 1 3 900241
390000002 0 1 1 0 0 3 900241
398500000 0 1 1 0 1 3 922747
398500002 0 1 1 0 0 3 922747
400000000 0 0 1 0 0 3 922747
400003200 0 0 1 0 0 3 922747
400006400 0 0 1 0 0 3 922747
400009600 0 0 1 0 0 3 922747
400012800 0 0 1 0 0 3 922747
400016000 0 1 1 0 0 3 922747
400019200 0 0 1 0 0 3 922747
400022400 0 0 1 0 0 3 922747
400025600 0 1 1 0 0 3 922747
400028800 0 1 1 0 0 3 922747
400032000 0 1 1 0 0 3 922747
400035200 0 0 1 0 0 3 922747
400038400 0 0 1 0 0 3 922747
400041600 0 0 1 0 0 3 922747
400044800 0 0 1 0 0 3 922747
400048000 0 0 1 0 0 3 922747
400051200 0 0 1 0 0 3 922747
400054400 0 0 1 0 0 3 922747
400057600 0 1 1 0 0 3 922747
400060800 0 0 1 0 0 3 922747
400064000 0 1 1 0 0 3 922747
400067200 0 1 1 0 0 3 922747
400070400 0 0 1 0 0 3 922747
400073600 0 0 1 0 0 3 922747
400076800 0 0 1 0 0 3 922747
400080000 0 1 1 0 0 3 922747
400083200 0 0 1 0 0 3 922747
400086400 0 0 1 0 0 3 922747
400089600 0 1 1 0 0 3 922747
400092800 0 1 1 0 0 3 922747
400096000 0 0 1 0 0 3 922747
400099200 0 1 1 0 0 3 922747
400102400 0 1 1 0 0 3 922747
407000000 0 1 1 0 1 3 945253
407000002 0 1 1 0 0 3 945253
415500000 0 1 1 0 1 3 967759
415500002 0 1 1 0 0 3 967759
424000000 0 1 1 0 1 3 990265
424000002 0 1 1 0 0 3 990265
432500000 0 1 1 0 1 3 1012771
432500002 0 1 1 0 0 3 1012771
441000000 0 1 1 0 1 3 1035277
441000002 0 1 1 0 0 3 1035277
449500000 0 1 1 0 1 3 1057783
449500002 0 1 1 0 0 3 1057783
458000000 0 1 1 0 1 3 1080289
458000002 0 1 1 0 0 3 1080289
466500000 0 1 1 0 1 3 1102795
466500002 0 1 1 0 0 3 1102795
475000000 0 1 1 0 1 3 1125301
475000002 0 1 1 0 0 3 1125301
483500000 0 1 1 0 1 3 1147807
483500002 0 1 1 0 0 3 1147807
492000000 0 1 1 0 1 3 1170313
492000002 0 1 1 0 0 3 1170313
500500000 0 1 1 0 1 3 1192819
500500002 0 1 1 0 0 3 1192819
509000000 0 1 1 0 1 3 1215325
509000002 0 1 1 0 0 3 1215325
517500000 0 1 1 0 1 3 1237831
517500002 0 1 1 0 0 3 1237831
526000000 0 1 1 0 1 3 1260337
526000002 0 1 1 0 0 3 1260337
534500000 0 1 1 0 1 3 1282843
534500002 0 1 1 0 0 3 1282843
543000000 0 1 1 0 1 3 1305349
543000002 0 1 1 0 0 3 1305349
551500000 0 1 1 0 1 3 1327855
551500002 0 1 1 0 0 3 1327855
560000000 0 1 1 0 1 3 1350361
560000002 0 1 1 0 0 3 1350361
568500000 0 1 1 0 1 3 1372867
568500002 0 1 1 0 0 3 1372867
577000000 0 1 1 0 1 3 1395373
577000002 0 1 1 0 0 3 1395373
585500000 0 1 1 0 1 3 1417879
585500002 0 1 1 0 0 3 1417879
594000000 0 1 1 0 1 3 1440385
594000002 0 1 1 0 0 3 1440385
602500000 0 1 1 0 1 3 1462891
602500002 0 1 1 0 0 3 1462891
611000000 0 1 1 0 1 3 1485397
611000002 0 1 1 0 0 3 1485397
619500000 0 1 1 0 1 3 1507903
619500002 0 1 1 0 0 3 1507903
628000000 0 1 1 0 1 3 1530409
628000002 0 1 1 0 0 3 1530409
636500000 0 1 1 0 1 3 1552915
636500002 0 1 1 0 0 3 1552915
645000000 0 1 1 0 1 3 1575422
645000002 0 1 1 0 0 3 1575422
653500000 0 1 1 0 1 3 1597928
653500002 0 1 1 0 0 3 1597928
662000000 0 1 1 0 1 3 1620434
662000002 0 1 1 0 0 3 1620434
670500000 0 1 1 0 1 3 1642940
670500002 0 1 1 0 0 3 1642940
679000000 0 1 1 0 1 3 1665446
679000002 0 1 1 0 0 3 1665446
687500000 0 1 1 0 1 3 1687952
687500002 0 1 1 0 0 3 1687952
696000000 0 1 1 0 1 3 1710458
696000002 0 1 1 0 0 3 1710458
700000000 0 0 1 0 0 3 1710458
700003200 0 0 1 0 0 3 1710458
700006400 0 0 1 0 0 3 1710458
700009600 0 0 1 0 0 3 1710458
700012800 0 0 1 0 0 3 1710458
700016000 0 1 1 0 0 3 1710458
700019200 0 0 1 0 0 3 1710458
700022400 0 0 1 0 0 3 1710458
700025600 0 1 1 0 0 3 1710458
700028800 0 1 1 0 0 3 1710458
700032000 0 1 1 0 0 3 1710458
700035200 0 0 1 0 0 3 1710458
700038400 0 1 1 0 0 3 1710458
700041600 0 0 1 0 0 3 1710458
700044800 0 1 1 0 0 3 1710458
700048000 0 0 1 0 0 3 1710458
700051200 0 0 1 0 0 3 1710458
700054400 0 0 1 0 0 3 1710458
700057600 0 1 1 0 0 3 1710458
700060800 0 0 1 0 0 3 1710458
700064000 0 1 1 0 0 3 1710458
700067200 0 1 1 0 0 3 1710458
700070400 0 0 1 0 0 3 1710458
700073600 0 0 1 0 0 3 1710458
700076800 0 0 1 0 0 3 1710458
700080000 0 1 1 0 0 3 1710458
700083200 0 1 1 0 0 3 1710458
700086400 0 0 1 0 0 3 1710458
700089600 0 1 1 0 0 3 1710458
700092800 0 1 1 0 0 3 1710458
700096000 0 0 1 0 0 3 1710458
700099200 0 1 1 0 0 3 1710458
700102400 0 1 1 0 0 3 1710458
704500000 0 1 1 0 1 3 1732964
704500002 0 1 1 0 0 3 1732964
713000000 0 1 1 0 1 3 1755470
713000002 0 1 1 0 0 3 1755470
721500000 0 1 1 0 1 3 1777976
721500002 0 1 1 0 0 3 1777976
730000000 0 1 1 0 1 3 1800482
730000002 0 1 1 0 0 3 1800482
738500000 0 1 1 0 1 3 1822988
738500002 0 1 1 0 0 3 1822988
747000000 0 1 1 0 1 3 1845494
747000002 0 1 1 0 0 3 1845494
755500000 0 1 1 0 1 3 1795616
755500002 0 1 1 0 0 3 1795616
764000000 0 1 1 0 1 3 1745737
764000002 0 1 1 0 0 3 1745737
772500000 0 1 1 0 1 3 1695859
772500002 0 1 1 0 0 3 1695859
781000000 0 1 1 0 1 3 1645981
781000002 0 1 1 0 0 3 1645981
789500000 0 1 1 0 1 3 1596103
789500002 0 1 1 0 0 3 1596103
798000000 0 1 1 0 1 3 1546225
798000002 0 1 1 0 0 3 1546225
806500000 0 1 1 0 1 3 1496346
806500002 0 1 1 0 0 3 1496346
815000000 0 1 1 0 1 3 1446468
815000002 0 1 1 0 0 3 1446468
823500000 0 1 1 0 1 3 1396590
823500002 0 1 1 0 0 3 1396590
832000000 0 1 1 0 1 3 1346712
832000002 0 1 1 0 0 3 1346712
840500000 0 1 1 0 1 3 1296833
840500002 0 1 1 0 0 3 1296833
849000000 0 1 1 0 1 3 1246955
849000002 0 1 1 0 0 3 1246955
857500000 0 1 1 0 1 3 1197077
857500002 0 1 1 0 0 3 1197077
866000000 0 1 1 0 1 3 1147199
866000002 0 1 1 0 0 3 1147199
874500000 0 1 1 0 1 3 1097321
874500002 0 1 1 0 0 3 1097321
883000000 0 1 1 0 1 3 1047442
883000002 0 1 1 0 0 3 1047442
891500000 0 1 1 0 1 3 997564
891500002 0 1 1 0 0 3 997564
900000000 0 1 1 0 1 3 947686
900000002 0 1 1 0 0 3 947686
908500000 0 1 1 0 1 3 897808
908500002 0 1 1 0 0 3 897808
917000000 0 1 1 0 1 3 847930
917000002 0 1 1 0 0 3 847930
925500000 0 1 1 0 1 3 798051
925500002 0 1 1 0 0 3 798051
934000000 0 1 1 0 1 3 748173
934000002 0 1 1 0 0 3 748173
942500000 0 1 1 0 1 3 698295
942500002 0 1 1 0 0 3 698295
951000000 0 1 1 0 1 3 648417
951000002 0 1 1 0 0 3 648417
959500000 0 1 1 0 1 3 598539
959500002 0 1 1 0 0 3 598539
968000000 0 1 1 0 1 3 548660
968000002 0 1 1 0 0 3 548660
976500000 0 1 1 0 1 3 498782
976500002 0 1 1 0 0 3 498782
985000000 0 1 1 0 1 3 448904
985000002 0 1 1 0 0 3 448904
993500000 0 1 1 0 1 3 399026
993500002 0 1 1 0 0 3 399026
1002000000 0 1 1 0 1 3 349147
1002000002 0 1 1 0 0 3 349147
1010500000 0 1 1 0 1 3 299269
1010500002 0 1 1 0 0 3 299269
1019000000 0 1 1 0 1 3 249391
1019000002 0 1 1 0 0 3 249391
1027500000 0 1 1 0 1 3 199513
1027500002 0 1 1 0 0 3 199513
1036000000 0 1 1 0 1 3 149635
1036000002 0 1 1 0 0 3 149635
1044500000 0 1 1 0 1 3 99756
1044500002 0 1 1 0 0 3 99756
1053000000 0 1 1 0 1 3 49878
1053000002 0 1 1 0 0 3 49878
1061500000 0 1 1 0 1 3 0
1061500002 0 1 1 0 0 3 0
1150000000 0 0 1 0 0 3 0
1150003200 0 0 1 0 0 3 0
1150006400 0 0 1 0 0 3 0
1150009600 0 0 1 0 0 3 0
1150012800 0 0 1 0 0 3 0
1150016000 0 0 1 0 0 3 0
1150019200 0 0 1 0 0 3 0
1150022400 0 0 1 0 0 3 0
1150025600 0 1 1 0 0 3 0
1150028800 0 1 1 0 0 3 0
1150032000 0 1 1 0 0 3 0
1150035200 0 0 1 0 0 3 0
1150038400 0 0 1 0 0 3 0
1150041600 0 0 1 0 0 3 0
1150044800 0 0 1 0 0 3 0
1150048000 0 0 1 0 0 3 0
1150051200 0 0 1 0 0 3 0
1150054400 0 0 1 0 0 3 0
1150057600 0 1 1 0 0 3 0
1150060800 0 0 1 0 0 3 0
1150064000 0 1 1 0 0 3 0
1150067200 0 1 1 0 0 3 0
1150070400 0 0 1 0 0 3 0
1150073600 0 0 1 0 0 3 0
1150076800 0 0 1 0 0 3 0
1150080000 0 0 1 0 0 3 0
1150083200 0 0 1 0 0 3 0
1150086400 0 0 1 0 0 3 0
1150089600 0 0 1 0 0 3 0
1150092800 0 0 1 0 0 3 0
1150096000 0 0 1 0 0 3 0
1150099200 0 1 1 0 0 3 0
1150102400 0 1 1 0 0 3 0
1150105600 0 0 1 0 0 3 0
1150108800 0 0 1 0 0 3 0
1150112000 0 0 1 0 0 3 0
1150115200 0 0 1 0 0 3 0
1150118400 0 0 1 0 0 3 0
1150121600 0 0 1 0 0 3 0
1150124800 0 0 1 0 0 3 0
1150128000 0 0 1 0 0 3 0
1150131200 0 1 1 0 0 3 0
1150134400 0 1 1 0 0 3 0
1150137600 0 1 1 0 0 3 0
1150140800 0 0 1 0 0 3 0
1150144000 0 1 1 0 0 3 0
1150147200 0 0 1 0 0 3 0
1150150400 0 1 1 0 0 3 0
1150153600 0 0 1 0 0 3 0
1150156800 0 0 1 0 0 3 0
1150160000 0 0 1 0 0 3 0
1150163200 0 1 1 0 0 3 0
1150166400 0 0 1 0 0 3 0
1150169600 0 1 1 0 0 3 0
1150172800 0 1 1 0 0 3 0
1150176000 0 0 1 0 0 3 0
1150179200 0 0 1 0 0 3 0
1150182400 0 0 1 0 0 3 0
1150185600 0 0 1 0 0 3 0
1150188800 0 0 1 0 0 3 0
1150192000 0 0 1 0 0 3 0
1150195200 0 0 1 0 0 3 0
1150198400 0 0 1 0 0 3 0
1150201600 0 0 1 0 0 3 0
1150204800 0 1 1 0 0 3 0
1150208000 0 1 1 0 0 3 0
1152000000 0 0 1 0 0 3 0
1152003200 0 0 1 0 0 3 0
1152006400 0 0 1 0 0 3 0
1152009600 0 0 1 0 0 3 0
1152012800 0 0 1 0 0 3 0
1152016000 0 0 1 0 0 3 0
1152019200 0 0 1 0 0 3 0
1152022400 0 0 1 0 0 3 0
1152025600 0 1 1 0 0 3 0
1152028800 0 1 1 0 0 3 0
1152032000 0 1 1 0 0 3 0
1152035200 0 0 1 0 0 3 0
1152038400 0 1 1 0 0 3 0
1152041600 0 0 1 0 0 3 0
1152044800 0 1 1 0 0 3 0
1152048000 0 1 1 0 0 3 0
1152051200 0 0 1 0 0 3 0
1152054400 0 1 1 0 0 3 0
1152057600 0 0 1 0 0 3 0
1152060800 0 0 1 0 0 3 0
1152064000 0 1 1 0 0 3 0
1152067200 0 1 1 0 0 3 0
1152070400 0 0 1 0 0 3 0
1152073600 0 0 1 0 0 3 0
1152076800 0 0 1 0 0 3 0
1152080000 0 0 1 0 0 3 0
1152083200 0 0 1 0 0 3 0
1152086400 0 0 1 0 0 3 0
1152089600 0 0 1 0 0 3 0
1152092800 0 0 1 0 0 3 0
1152096000 0 0 1 0 0 3 0
1152099200 0 1 1 0 0 3 0
1152102400 0 1 1 0 0 3 0
1156000000 0 0 1 0 0 3 0
1156003200 0 0 1 0 0 3 0
1156006400 0 0 1 0 0 3 0
1156009600 0 0 1 0 0 3 0
1156012800 0 0 1 0 0 3 0
1156016000 0 0 1 0 0 3 0
1156019200 0 0 1 0 0 3 0
1156022400 0 0 1 0 0 3 0
1156025600 0 1 1 0 0 3 0
1156028800 0 1 1 0 0 3 0
1156032000 0 1 1 0 0 3 0
1156035200 0 0 1 0 0 3 0
1156038400 0 0 1 0 0 3 0
1156041600 0 0 1 0 0 3 0
1156044800 0 1 1 0 0 3 0
1156048000 0 0 1 0 0 3 0
1156051200 0 1 1 0 0 3 0
1156054400 0 1 1 0 0 3 0
1156057600 0 0 1 0 0 3 0
1156060800 0 0 1 0 0 3 0
1156064000 0 1 1 0 0 3 0
1156067200 0 1 1 0 0 3 0
1156070400 0 0 1 0 0 3 0
1156073600 0 0 1 0 0 3 0
1156076800 0 0 1 0 0 3 0
1156080000 0 0 1 0 0 3 0
1156083200 0 0 1 0 0 3 0
1156086400 0 0 1 0 0 3 0
1156089600 0 0 1 0 0 3 0
1156092800 0 0 1 0 0 3 0
1156096000 0 0 1 0 0 3 0
1156099200 0 1 1 0 0 3 0
1156102400 0 1 1 0 0 3 0
1160000000 0 0 1 0 0 3 0
1160003200 0 0 1 0 0 3 0
1160006400 0 0 1 0 0 3 0
1160009600 0 0 1 0 0 3 0
1160012800 0 0 1 0 0 3 0
1160016000 0 0 1 0 0 3 0
1160019200 0 0 1 0 0 3 0
1160022400 0 0 1 0 0 3 0
1160025600 0 1 1 0 0 3 0
1160028800 0 1 1 0 0 3 0
1160032000 0 1 1 0 0 3 0
1160035200 0 0 1 0 0 3 0
1160038400 0 1 1 0 0 3 0
1160041600 0 0 1 0 0 3 0
1160044800 0 0 1 0 0 3 0
1160048000 0 1 1 0 0 3 0
1160051200 0 1 1 0 0 3 0
1160054400 0 1 1 0 0 3 0
1160057600 0 0 1 0 0 3 0
1160060800 0 0 1 0 0 3 0
1160064000 0 1 1 0 0 3 0
1160067200 0 1 1 0 0 3 0
1160070400 0 0 1 0 0 3 0
1160073600 0 0 1 0 0 3 0
1160076800 0 0 1 0 0 3 0
1160080000 0 0 1 0 0 3 0
1160083200 0 0 1 0 0 3 0
1160086400 0 0 1 0 0 3 0
1160089600 0 0 1 0 0 3 0
1160092800 0 0 1 0 0 3 0
1160096000 0 0 1 0 0 3 0
1160099200 0 1 1 0 0 3 0
1160102400 0 1 1 0 0 3 0
