# force contact active hammer_x hammer_v; HARDNESS=0x80 velocity=0.5
0 0 1 -58917 8192
0 0 1 -50725 8192
0 0 1 -42533 8192
0 0 1 -34341 8192
0 0 1 -26149 8192
0 0 1 -17957 8192
0 0 1 -9765 8192
0 0 1 -1573 8192
112 1 1 6619 8192
560 1 1 14811 8192
1760 1 1 23003 8192
2400 1 1 31195 8192
6112 1 1 39386 8191
7392 1 1 47575 8189
8672 1 1 55761 8186
9952 1 1 63943 8182
22512 1 1 72121 8178
25072 1 1 80289 8168
27600 1 1 88445 8156
30160 1 1 96588 8143
32720 1 1 104717 8129
35232 1 1 112831 8114
37760 1 1 120928 8097
40272 1 1 129007 8079
85632 1 1 137067 8060
90640 1 1 145086 8019
95632 1 1 153061 7975
100592 1 1 160990 7929
105520 1 1 168870 7880
110400 1 1 176699 7829
115280 1 1 184475 7776
120112 1 1 192195 7720
124880 1 1 199857 7662
129632 1 1 207459 7602
134352 1 1 214998 7539
139040 1 1 222472 7474
143632 1 1 229879 7407
148240 1 1 237216 7337
152800 1 1 244481 7265
157280 1 1 251672 7191
161712 1 1 258787 7115
332272 1 1 265824 7037
340832 1 1 272699 6875
349232 1 1 279408 6709
357392 1 1 285947 6539
365360 1 1 292312 6365
373120 1 1 298499 6187
380592 1 1 304504 6005
387872 1 1 310324 5820
394912 1 1 315955 5631
401712 1 1 321394 5439
408272 1 1 326637 5243
414592 1 1 331681 5044
420640 1 1 336523 4842
426432 1 1 341160 4637
431952 1 1 345589 4429
437232 1 1 349808 4219
442240 1 1 353814 4006
446992 1 1 357605 3791
451440 1 1 361178 3573
455632 1 1 364531 3353
459552 1 1 367662 3131
463200 1 1 370569 2907
466560 1 1 373250 2681
469600 1 1 375704 2454
472400 1 1 377929 2225
474880 1 1 379924 1995
477072 1 1 381688 1764
478992 1 1 383220 1532
480640 1 1 384519 1299
481952 1 1 385584 1065
482992 1 1 386414 830
483760 1 1 387009 595
484192 1 1 387368 359
484352 1 1 387491 123
484192 1 1 387378 -113
483760 1 1 387029 -349
483040 1 1 386444 -585
482000 1 1 385624 -820
480672 1 1 384569 -1055
479072 1 1 383280 -1289
477152 1 1 381758 -1522
474992 1 1 380004 -1754
472512 1 1 378019 -1985
469712 1 1 375804 -2215
466672 1 1 373360 -2444
463360 1 1 370689 -2671
459712 1 1 367792 -2897
455792 1 1 364671 -3121
451632 1 1 361328 -3343
447200 1 1 357765 -3563
442480 1 1 353984 -3781
437472 1 1 349987 -3997
432192 1 1 345777 -4210
426672 1 1 341356 -4421
420880 1 1 336727 -4629
414832 1 1 331893 -4834
408560 1 1 326857 -5036
402000 1 1 321622 -5235
395200 1 1 316191 -5431
388192 1 1 310568 -5623
380912 1 1 304756 -5812
373440 1 1 298759 -5997
365712 1 1 292580 -6179
357760 1 1 286223 -6357
349600 1 1 279692 -6531
341200 1 1 272991 -6701
332640 1 1 266124 -6867
161920 1 1 259095 -7029
157472 1 1 251987 -7108
152992 1 1 244803 -7184
148432 1 1 237545 -7258
143872 1 1 230215 -7330
139232 1 1 222815 -7400
134560 1 1 215348 -7467
129872 1 1 207816 -7532
125120 1 1 200221 -7595
120320 1 1 192565 -7656
115520 1 1 184851 -7714
110640 1 1 177081 -7770
105760 1 1 169257 -7824
100832 1 1 161382 -7875
95872 1 1 153458 -7924
90912 1 1 145488 -7970
85920 1 1 137474 -8014
40432 1 1 129419 -8055
37920 1 1 121345 -8074
35360 1 1 113253 -8092
32832 1 1 105144 -8109
30272 1 1 97019 -8125
27760 1 1 88880 -8139
25200 1 1 80728 -8152
22640 1 1 72564 -8164
10032 1 1 64389 -8175
8752 1 1 56210 -8179
7472 1 1 48027 -8183
6192 1 1 39841 -8186
2432 1 1 31652 -8189
1792 1 1 23462 -8190
560 1 1 15272 -8190
112 1 1 7082 -8190
0 0 1 -1108 -8190
0 0 0 -9298 -8190
