# L R -- fixed-boundary 8x8, STIFFNESS=0x60, issue #86
0 0
-176859 -176859
202004 202004
1170978 1171076
1438216 1437394
784569 784594
662421 669651
1415014 1420003
1533249 1510761
401926 385934
-634792 -537942
-643875 -446741
-267074 -226679
-107120 -416384
91550 -332317
311563 108121
94769 -105122
-344279 -1064335
-407237 -1514590
-323617 -1028099
-585197 -627769
-756672 -688291
-435620 -449872
-463064 77230
-1404175 -56081
-2053640 -716042
-1394366 -644470
-565090 311662
-621612 890320
-572395 581919
266013 279931
538962 524069
-394665 679440
-532322 259603
1487829 -310270
3514342 -508734
3006576 -297198
1207931 122649
336376 447338
93846 449177
-500442 379498
-629236 640149
476756 929925
1424419 632436
779900 123159
-482441 379036
-844233 1160256
-627899 1076142
-771647 -242832
-926711 -1494088
-476372 -1590527
121423 -845961
356248 20820
403870 641721
82715 557657
-1071175 -433001
-2224629 -1403226
-1900229 -1259903
-609704 -492096
-161396 -364487
-600943 -802072
-466093 -762248
250968 -214237
209756 8290
-358556 -110400
80586 27940
1236105 246891
1275615 51034
302674 -139379
295104 221596
1408678 587474
1666127 455505
528709 611611
-345294 1533682
-291677 1971434
-414157 1037459
-967234 141526
-735850 557410
446263 1078570
1152259 255503
